PARÂMETROS
200;8;20;30
COORDENADAS
0;880;51
1;973;473
2;627;397
3;595;677
4;856;44
5;873;16
6;84;264
7;214;753
8;268;105
9;772;180
10;958;49
11;445;795
12;991;222
13;875;239
14;872;576
15;544;581
16;228;788
17;381;802
18;33;658
19;338;284
20;541;71
21;164;683
22;972;242
23;149;202
24;998;780
25;878;852
26;283;35
27;167;771
28;557;348
29;361;686
30;345;901
31;803;446
32;729;673
33;598;666
34;639;360
35;8;640
36;232;759
37;671;623
38;621;185
39;247;396
40;401;385
41;664;482
42;638;79
43;818;314
44;963;459
45;232;553
46;545;441
47;41;537
48;328;532
49;335;192
50;275;365
51;682;591
52;424;560
53;691;476
54;13;226
55;937;525
56;146;921
57;852;885
58;756;785
59;69;749
60;417;312
61;91;248
62;534;241
63;613;718
64;919;864
65;930;31
66;871;563
67;858;101
68;398;643
69;528;988
70;895;370
71;881;475
72;508;344
73;636;635
74;708;917
75;271;450
76;16;631
77;288;936
78;633;829
79;310;966
80;126;909
81;361;267
82;486;795
83;133;886
84;726;532
85;381;803
86;89;580
87;467;973
88;661;700
89;15;385
90;376;447
91;317;760
92;955;393
93;898;960
94;684;179
95;86;80
96;96;554
97;481;134
98;854;306
99;136;652
100;474;307
101;51;729
102;48;920
103;367;772
104;554;672
105;614;993
106;833;972
107;643;738
108;316;374
109;473;516
110;766;710
111;314;591
112;815;207
113;71;241
114;533;473
115;636;514
116;512;777
117;558;892
118;320;770
119;439;509
120;116;742
121;592;154
122;779;525
123;866;269
124;812;88
125;124;837
126;582;522
127;139;351
128;231;673
129;562;120
130;32;730
131;522;32
132;552;647
133;802;852
134;524;58
135;972;472
136;975;277
137;49;234
138;594;722
139;776;90
140;30;917
141;221;925
142;856;277
143;390;481
144;792;60
145;214;38
146;665;954
147;882;804
148;78;232
149;259;281
150;622;238
151;241;712
152;855;675
153;663;525
154;911;621
155;892;680
156;626;351
157;734;952
158;989;574
159;124;945
160;575;247
161;368;120
162;74;848
163;924;601
164;971;391
165;245;913
166;662;940
167;906;892
168;525;393
169;618;532
170;442;195
171;988;987
172;553;577
173;349;519
174;870;27
175;913;806
176;296;48
177;545;205
178;504;130
179;174;309
180;169;131
181;108;904
182;511;998
183;310;440
184;200;522
185;467;569
186;330;394
187;311;316
188;781;476
189;613;118
190;108;905
191;527;217
192;975;190
193;182;831
194;971;981
195;613;294
196;759;184
197;80;625
198;857;389
199;596;721
DISTÂNCIAS
DE/PARA;0;1;2;3;4;5;6;7;8;9;10;11;12;13;14;15;16;17;18;19;20;21;22;23;24;25;26;27;28;29;30;31;32;33;34;35;36;37;38;39;40;41;42;43;44;45;46;47;48;49;50;51;52;53;54;55;56;57;58;59;60;61;62;63;64;65;66;67;68;69;70;71;72;73;74;75;76;77;78;79;80;81;82;83;84;85;86;87;88;89;90;91;92;93;94;95;96;97;98;99;100;101;102;103;104;105;106;107;108;109;110;111;112;113;114;115;116;117;118;119;120;121;122;123;124;125;126;127;128;129;130;131;132;133;134;135;136;137;138;139;140;141;142;143;144;145;146;147;148;149;150;151;152;153;154;155;156;157;158;159;160;161;162;163;164;165;166;167;168;169;170;171;172;173;174;175;176;177;178;179;180;181;182;183;184;185;186;187;188;189;190;191;192;193;194;195;196;197;198;199
0;0;432;428;687;25;35;824;967;614;168;78;861;203;188;525;627;984;901;1042;589;339;955;212;746;738;801;597;1013;438;820;1004;402;640;676;391;1052;959;608;291;720;583;482;243;270;416;819;514;969;732;562;681;575;683;465;884;477;1138;834;744;1070;531;813;394;718;813;53;512;54;763;1000;319;424;473;632;882;728;1040;1064;816;1078;1142;562;841;1120;505;902;951;1010;684;927;640;905;350;909;234;794;931;407;256;956;479;1070;1203;884;701;978;922;726;649;617;668;782;169;831;546;523;813;900;911;635;1030;305;484;218;77;1090;557;799;898;325;1086;358;680;804;356;430;245;850;729;111;1213;1094;227;651;88;666;928;753;822;662;318;919;624;521;570;629;393;912;534;1170;362;516;1133;551;351;1070;915;841;492;547;461;942;619;707;26;755;584;368;384;751;715;1150;1016;690;827;662;648;627;436;275;1151;390;168;1046;934;361;179;984;338;727
1;432;0;354;429;444;467;913;809;795;355;424;618;251;253;144;442;808;677;958;662;590;835;231;867;308;390;817;859;434;648;759;172;315;421;352;979;794;337;454;730;578;309;517;222;17;745;429;934;647;697;706;314;555;282;991;63;940;429;380;945;578;910;496;435;394;444;136;389;599;680;129;92;482;373;517;702;969;826;492;826;952;645;583;936;253;677;890;711;385;962;597;716;82;492;412;970;880;597;205;855;525;956;1027;675;463;631;518;423;664;501;314;669;309;931;440;339;552;589;717;535;898;496;200;230;417;923;394;842;768;541;975;630;455;415;611;1;196;954;453;430;1042;877;228;583;450;874;571;343;926;739;422;770;233;314;160;222;367;535;102;971;457;700;974;137;82;850;561;424;455;359;599;514;432;625;457;338;799;504;581;815;873;966;699;663;774;515;647;680;192;505;966;514;283;868;508;402;359;905;143;451
2;428;354;0;281;420;453;559;545;462;260;480;437;403;294;303;201;558;473;648;310;337;544;378;516;533;519;499;592;85;392;577;182;294;270;38;664;535;230;212;380;226;92;318;208;341;424;93;602;328;356;353;201;260;101;637;335;711;537;408;659;226;556;181;321;550;475;295;375;336;599;269;265;130;238;526;359;654;636;432;651;716;296;422;695;167;474;568;597;304;612;255;477;328;624;225;627;553;300;244;553;177;664;780;456;284;596;610;341;311;194;342;368;267;577;120;117;397;499;483;218;616;245;198;271;360;668;132;490;482;284;681;379;261;487;354;353;368;600;326;341;791;666;258;251;375;547;558;480;573;385;159;498;359;132;361;387;46;565;402;743;158;379;713;360;344;642;544;568;102;135;273;691;194;303;442;499;481;208;293;461;529;725;612;319;444;234;297;326;173;279;726;205;404;621;677;103;250;592;230;325
3;687;429;281;0;684;717;657;388;658;527;725;190;603;519;294;108;383;247;562;469;608;431;575;651;415;332;713;438;331;234;335;310;134;11;320;588;372;93;492;447;350;206;599;426;427;383;241;571;303;550;446;122;207;222;736;374;511;330;193;530;406;661;440;44;374;727;298;633;199;318;429;350;344;58;265;395;580;401;156;405;523;472;160;507;195;248;515;322;69;649;317;290;458;414;505;784;513;554;452;459;389;546;598;247;41;316;379;77;411;202;174;293;518;681;213;168;129;218;290;229;483;523;238;489;627;497;155;560;364;557;565;649;52;271;623;429;551;703;45;614;613;448;477;283;647;743;285;313;682;519;439;355;260;166;320;297;327;308;407;541;430;601;548;337;472;422;271;378;292;146;505;500;108;292;705;343;696;474;554;559;692;537;331;370;424;167;387;459;273;559;537;464;617;440;483;383;519;517;389;44
4;25;444;420;684;0;32;802;956;591;159;102;856;223;195;532;621;973;894;1026;570;316;941;229;724;749;808;573;1001;426;810;997;405;641;673;383;1036;949;607;274;703;568;478;220;272;428;805;504;952;718;541;663;574;672;462;862;487;1128;841;747;1056;514;791;377;716;822;75;519;57;754;999;328;431;459;630;885;712;1024;1057;816;1071;1131;542;837;1109;505;895;935;1007;684;907;626;896;362;916;218;770;915;385;262;942;463;1057;1191;876;696;979;928;725;632;607;672;770;168;809;537;518;809;898;902;624;1017;286;487;225;62;1079;550;779;886;303;1072;334;675;809;332;443;261;829;726;92;1201;1085;233;638;65;642;929;760;800;642;303;907;631;518;579;637;383;916;546;1160;346;493;1121;561;365;1062;916;849;481;542;440;952;613;694;22;764;560;350;362;731;692;1139;1014;674;811;653;631;609;438;254;1140;371;188;1036;944;348;170;969;345;725
5;35;467;453;717;32;0;827;988;611;192;91;888;237;223;560;653;1005;927;1057;598;336;973;246;747;774;836;590;1033;458;843;1030;435;672;705;416;1066;981;639;303;732;599;510;243;303;452;836;536;981;750;566;692;605;705;494;885;513;1160;869;777;1087;543;815;406;748;849;58;547;86;786;1031;354;459;490;662;915;742;1054;1090;847;1104;1164;570;869;1142;536;928;965;1039;716;933;657;928;385;944;249;789;945;409;290;973;493;1088;1223;909;729;1010;956;757;662;640;702;801;199;832;569;551;842;930;935;656;1048;313;517;253;94;1111;583;806;918;327;1103;351;707;839;351;466;280;852;759;122;1233;1118;261;670;92;659;960;788;823;668;335;940;659;550;606;664;416;946;569;1193;377;515;1153;587;387;1094;947;876;513;575;466;977;645;726;11;791;577;378;386;757;713;1172;1046;704;842;686;661;637;469;279;1172;400;201;1068;969;380;203;999;373;757
6;824;913;559;657;802;827;0;505;243;693;900;642;907;791;847;558;543;614;397;254;496;426;888;89;1049;988;303;513;480;504;688;741;763;652;563;383;516;688;542;209;339;619;584;735;900;324;493;276;362;261;216;681;450;642;80;892;659;987;850;485;336;17;450;697;1028;877;841;790;492;849;817;824;431;665;903;263;373;702;787;737;646;277;666;623;695;615;316;805;723;139;344;548;880;1070;605;184;290;417;771;391;392;466;656;581;622;901;1030;732;256;463;814;399;733;26;495;605;668;786;558;431;479;519;742;782;748;574;560;102;434;499;468;495;604;928;485;912;891;46;685;713;655;675;772;375;736;260;902;963;32;175;538;474;873;635;900;908;548;946;956;682;491;318;584;905;896;668;889;1034;459;597;364;1157;563;367;820;990;302;464;440;100;157;640;849;286;282;489;278;232;728;548;641;445;894;575;1140;529;679;361;783;686
7;967;809;545;388;956;988;505;0;650;799;1024;234;941;837;681;372;37;174;204;485;756;86;914;554;784;671;721;50;530;161;197;664;521;393;578;234;18;475;698;358;412;525;796;746;804;200;454;276;248;573;392;495;285;551;564;758;181;651;542;145;485;519;603;400;713;1016;683;916;214;392;781;722;503;438;520;308;232;197;425;233;179;507;275;155;557;174;213;335;450;418;346;103;823;714;741;685;231;674;780;127;516;164;235;154;349;466;656;429;392;351;553;190;811;531;424;484;298;371;107;331;98;708;609;812;894;123;434;408;81;722;183;784;354;596;761;808;897;544;381;869;246;172;799;323;902;715;493;669;538;474;657;49;645;503;709;681;575;556;795;212;621;651;169;726;839;162;485;705;475;460;602;808;381;270;978;701;709;640;687;445;623;184;385;327;231;312;377;447;631;749;185;620;946;84;790;608;787;185;738;383
8;614;795;462;658;591;611;243;650;0;509;692;712;732;621;765;550;684;706;600;192;275;587;717;153;994;964;71;673;377;588;799;634;731;650;450;594;654;656;361;291;309;546;370;588;779;449;435;488;431;109;260;638;481;562;282;789;825;974;836;674;255;227;298;703;999;666;757;590;553;920;680;716;338;645;923;345;583;831;810;862;816;186;723;792;626;707;507;890;713;377;358;656;744;1062;422;183;480;214;619;562;288;660;844;674;635;953;1034;735;273;459;783;488;556;239;453;550;714;838;667;438;654;327;661;620;544;746;522;277;569;294;668;264;611;918;260;793;727;254;697;508;846;821;612;395;525;86;937;930;228;176;378;607;818;576;824;848;434;966;860;852;338;101;767;822;758;808;923;1013;385;552;195;1138;551;421;607;952;63;294;237;224;102;814;925;337;422;504;295;215;633;345;815;282;712;731;1123;393;497;552;653;697
9;168;355;260;527;159;192;693;799;509;0;227;696;222;118;408;461;815;734;880;446;255;789;209;623;641;680;510;845;272;651;837;267;494;516;223;891;791;454;151;567;423;320;167;141;338;656;345;813;566;437;530;420;515;306;760;382;970;709;605;904;378;684;245;561;699;217;395;116;595;844;226;314;310;474;739;569;880;897;663;911;974;420;678;952;354;735;791;849;531;784;477;737;280;790;88;693;772;294;150;792;323;906;1035;717;538;828;794;572;495;449;530;615;50;703;378;360;651;743;743;468;863;181;345;129;100;922;391;655;731;218;922;290;516;672;276;353;224;725;570;90;1045;926;128;486;121;575;781;633;695;522;160;751;501;361;462;514;224;772;449;1002;208;408;966;447;290;902;767;724;326;384;330;835;453;542;181;641;493;228;272;611;604;982;858;530;666;494;491;480;296;170;983;247;203;878;825;195;13;822;225;568
10;78;424;480;725;102;91;900;1024;692;227;0;905;176;207;533;674;1038;948;1107;663;417;1016;193;823;732;806;675;1070;500;873;1049;426;664;714;445;1118;1015;641;363;791;650;523;321;299;410;883;569;1038;793;639;752;608;739;503;961;476;1191;842;763;1131;601;889;465;752;815;33;521;112;816;1032;327;432;538;668;903;795;1107;1111;845;1122;1196;635;882;1175;535;949;1018;1046;715;1001;705;957;344;912;303;872;999;484;277;1019;548;1133;1259;933;742;1004;931;757;719;673;688;841;213;907;600;565;853;933;962;693;1090;380;508;238;151;1147;604;872;958;402;1149;436;722;818;434;423;228;927;765;186;1270;1144;249;713;166;744;951;758;898;736;385;976;634;560;573;634;448;930;525;1224;431;594;1191;553;342;1120;938;844;553;590;536;938;665;769;90;758;662;441;461;825;793;1205;1049;756;893;715;716;699;462;351;1206;462;142;1101;932;423;240;1050;354;763
11;861;618;437;190;856;888;642;234;712;696;905;0;791;702;479;235;217;64;434;522;730;302;763;662;553;436;777;279;460;137;145;499;309;200;476;463;216;284;634;445;412;382;741;608;617;322;367;479;287;612;462;312;235;402;714;561;324;416;311;378;483;651;561;184;478;904;485;807;159;210;618;540;455;249;289;386;459;211;191;217;338;534;41;325;384;64;415;179;235;594;354;132;649;482;660;800;424;661;637;340;488;399;416;81;164;260;426;206;440;280;332;242;694;668;333;339;69;148;127;286;333;657;429;673;796;323;305;539;246;685;418;766;182;361;741;618;741;686;165;778;432;258;661;318;812;791;271;437;672;546;584;220;427;347;497;461;479;328;587;354;563;679;374;516;663;232;260;471;409;314;600;575;243;292;877;468;761;598;667;556;719;354;213;379;366;227;417;497;463;697;354;583;804;265;557;528;686;402;578;168
12;203;251;403;603;223;237;907;941;732;222;176;791;0;117;373;573;950;841;1052;655;474;946;27;842;558;640;732;990;451;782;937;292;521;592;378;1068;929;513;371;764;612;417;380;195;238;828;496;1000;731;656;730;481;660;393;978;307;1096;677;610;1061;581;900;457;623;646;200;361;179;727;895;176;275;498;544;750;755;1057;1002;704;1008;1104;631;763;1084;407;842;970;915;580;989;654;862;174;743;309;916;954;517;160;957;523;1068;1173;831;627;858;766;622;691;595;537;771;176;920;522;459;733;797;866;622;1017;404;369;133;223;1062;507;861;883;440;1085;506;611;657;494;250;57;942;638;252;1185;1042;145;654;256;798;801;592;913;734;369;895;472;446;406;468;387;773;352;1128;416;631;1110;384;170;1016;789;675;496;485;549;765;563;707;229;589;716;446;495;821;827;1115;912;715;845;628;683;686;329;392;1116;464;35;1012;759;384;235;996;214;636
13;188;253;294;519;195;223;791;837;621;118;207;702;117;0;337;475;848;749;940;538;373;838;97;726;554;613;626;885;336;681;848;219;457;508;265;955;826;434;259;647;495;321;285;94;236;715;386;885;620;542;613;401;553;300;862;292;998;646;558;953;463;784;341;545;626;215;324;139;625;825;132;236;381;462;698;639;944;911;637;920;1004;514;678;984;328;749;856;839;508;872;540;763;173;721;200;804;840;407;70;846;406;958;1071;736;539;797;734;550;575;488;483;662;68;804;414;364;649;725;768;512;910;295;301;31;163;960;407;744;776;334;975;409;520;617;394;252;106;826;558;178;1083;947;42;542;197;690;745;565;797;617;253;791;436;356;383;441;273;726;353;1030;300;520;1006;365;179;922;732;653;382;389;435;756;466;595;212;568;609;331;386;704;714;1015;841;599;731;524;566;569;254;288;1015;348;111;911;748;267;128;883;151;556
14;525;144;303;294;532;560;847;681;765;408;533;479;373;337;0;328;677;540;842;608;603;716;348;814;239;276;799;731;388;522;619;147;172;288;317;866;665;206;464;650;508;228;549;267;148;640;353;831;545;660;633;190;448;206;927;82;803;309;239;821;526;847;475;295;291;548;13;475;478;536;207;101;431;243;378;614;857;686;348;684;816;597;443;801;152;540;783;567;244;878;512;584;200;384;439;929;776;590;270;739;480;835;892;541;332;490;397;280;591;403;170;558;373;868;354;244;412;445;585;438;774;506;106;307;491;792;294;766;648;551;854;646;327;284;624;144;316;891;314;495;908;738;299;491;522;849;430;228;865;680;420;645;100;215;59;105;333;400;117;834;443;679;843;57;209;711;420;317;392;257;574;427;319;526;549;233;781;494;578;747;832;831;555;578;674;405;571;618;135;526;831;497;399;735;416;382;407;793;187;311
15;627;442;201;108;621;653;558;372;550;461;674;235;573;475;328;0;377;274;516;361;510;393;545;547;495;430;605;422;233;210;376;292;206;100;240;539;359;133;403;349;242;155;510;382;436;313;140;504;221;441;344;138;121;180;638;396;523;432;294;503;297;562;340;153;469;671;327;573;158;407;409;353;239;106;373;302;530;437;263;450;531;363;221;511;188;275;455;399;166;564;214;289;451;518;425;678;448;451;414;414;282;514;600;260;91;417;486;185;307;96;256;230;461;582;108;113;198;311;293;127;457;429;241;448;561;491;70;465;326;461;533;549;66;374;523;441;527;604;149;543;614;471;435;183;577;635;392;404;582;413;351;330;324;131;369;361;244;416;445;555;335;493;540;380;467;446;377;477;188;88;399;601;9;204;642;432;587;376;452;459;585;542;418;273;349;77;284;352;259;468;543;364;581;439;585;295;451;466;367;149
16;984;808;558;383;973;1005;543;37;684;815;1038;217;950;848;677;377;0;153;234;515;782;122;922;591;770;653;755;63;549;167;162;669;514;389;593;265;29;472;719;392;438;532;819;756;805;235;469;313;274;605;425;494;300;558;601;756;156;631;528;163;512;557;626;391;695;1032;681;932;223;360;787;724;524;435;497;340;263;159;407;195;158;537;258;136;559;153;250;302;441;455;371;93;827;691;760;722;268;701;790;164;540;186;223;139;346;437;632;418;423;366;543;214;825;569;438;491;284;346;93;349;121;731;610;822;911;114;442;445;115;746;204;811;353;577;787;808;905;582;371;887;236;137;809;347;920;750;467;654;575;507;676;77;637;508;703;672;591;531;790;188;642;682;165;720;842;126;459;685;494;466;630;785;387;294;995;685;743;663;713;482;659;166;352;357;267;324;406;479;634;772;167;644;956;62;767;626;804;220;744;374
17;901;677;473;247;894;927;614;174;706;734;948;64;841;749;540;274;153;0;376;519;748;247;814;643;617;499;773;216;486;117;105;552;371;256;511;406;155;340;662;427;417;427;767;655;675;290;396;431;275;611;449;367;245;449;683;621;263;478;375;316;491;625;581;246;541;946;545;847;159;237;671;597;475;304;346;368;403;163;253;178;276;535;105;261;438;1;366;191;298;554;355;76;704;540;692;779;377;675;685;287;503;337;353;33;216;301;482;269;432;300;395;221;736;640;362;384;133;198;68;298;271;681;484;720;834;259;344;511;197;705;356;782;230;423;757;676;792;657;227;814;369;201;707;321;848;782;322;501;645;535;613;166;490;395;560;525;513;383;649;294;587;682;310;579;719;175;313;532;433;359;610;634;283;284;916;532;758;619;683;534;703;291;235;368;333;248;411;491;516;722;291;602;852;201;616;558;724;349;630;229
18;1042;958;648;562;1026;1057;397;204;600;880;1107;434;1052;940;842;516;234;376;0;482;776;133;1027;470;972;866;671;175;608;329;395;798;696;565;675;30;223;638;754;338;458;655;837;857;951;225;556;121;320;555;380;652;403;682;432;913;286;849;734;97;516;414;651;583;909;1094;843;995;365;594;908;867;569;603;722;316;31;377;623;414;267;510;473;248;704;377;96;536;629;273;402;301;959;916;808;580;121;689;893;103;563;73;262;352;521;670;859;615;400;462;734;288;902;418;533;619;493;574;308;432;118;752;757;919;965;200;565;324;198;754;72;794;519;793;775;957;1016;424;564;935;259;326;906;398;966;645;697;861;428;439;723;214;822;643;878;859;667;760;959;301;680;633;194;892;975;331;689;903;558;598;617;1010;526;345;1048;892;664;683;707;376;544;257;586;352;215;443;397;440;769;792;258;662;1051;228;992;684;867;57;866;566
19;589;662;310;469;570;598;254;485;192;446;663;522;655;538;608;361;515;519;482;0;294;435;635;206;825;783;255;516;228;402;617;492;551;462;310;485;486;475;299;144;119;381;363;480;649;289;259;390;248;92;102;461;289;401;330;645;665;790;652;537;83;249;200;513;820;643;601;551;363;729;563;575;180;460;733;179;473;653;619;682;659;28;532;635;460;520;386;700;526;338;167;476;626;877;361;324;362;207;516;419;137;529;698;488;444;760;847;546;92;268;603;307;483;270;271;376;522;646;486;246;508;285;502;528;512;592;340;209;403;277;540;312;421;733;292;661;637;293;507;479;703;651;518;203;506;275;745;752;265;79;287;438;648;404;664;680;295;776;712;694;239;166;622;666;641;635;731;832;216;374;136;957;363;235;590;776;239;221;226;165;227;661;734;158;275;312;110;41;482;321;662;200;643;568;941;275;432;427;529;507
20;339;590;337;608;316;336;496;756;275;255;417;730;474;373;603;510;782;748;776;294;0;718;463;413;843;850;260;793;277;640;852;457;630;597;305;779;754;567;139;438;343;429;97;368;573;572;370;683;507;238;396;538;502;431;550;602;937;871;745;826;271;483;170;650;878;391;592;318;589;917;463;528;274;571;862;465;767;901;763;924;935;266;726;911;496;749;680;905;640;612;410;724;524;958;179;455;656;87;391;708;245;820;981;722;601;924;947;674;377;450;677;567;305;499;402;453;706;821;733;449;794;97;512;380;271;872;452;489;677;53;832;43;576;823;21;588;480;518;653;235;988;911;376;436;251;328;891;808;490;351;185;707;680;470;662;702;292;901;673;968;179;179;906;653;536;892;877;898;322;467;158;1019;506;487;331;823;246;134;69;437;376;938;927;435;565;503;385;336;470;85;939;146;450;840;1006;234;245;720;448;652
21;955;835;544;431;941;973;426;86;587;789;1016;302;946;838;716;393;122;247;133;435;718;0;920;481;839;733;658;88;516;197;283;681;565;434;574;161;101;510;675;298;380;538;767;750;829;146;451;190;222;519;336;526;287;566;481;788;238;717;600;115;449;441;576;450;776;1005;717;905;237;474;795;746;482;474;592;256;156;281;491;318;229;460;340;205;581;247;127;419;497;333;317;171;842;784;724;608;145;633;786;41;487;122;263;221;390;546;728;482;344;351;602;175;806;451;424;501;360;446;178;325;76;680;634;814;879;159;447;332;67;689;140;742;389;660;721;835;906;463;431;852;269;248;802;303;884;646;569;728;459;413;638;82;691;523;749;728;568;630;832;265;599;598;187;764;858;243;560;770;463;478;561;878;403;247;963;759;648;611;649;374;552;227;468;283;164;323;333;395;650;721;228;590;949;149;860;594;776;102;752;433
22;212;231;378;575;229;246;888;914;717;209;193;763;27;97;348;545;922;814;1027;635;463;920;0;823;538;617;719;963;428;755;909;264;494;565;353;1042;902;485;355;741;588;390;371;170;217;802;471;976;706;638;707;453;633;365;959;285;1069;654;584;1035;559;881;438;596;624;215;336;181;700;868;149;250;475;517;724;731;1032;974;677;981;1077;611;736;1057;380;814;945;888;553;967;630;835;151;721;294;900;929;502;134;931;502;1041;1146;804;599;831;743;595;669;569;511;744;160;901;496;432;705;770;838;596;991;390;342;109;222;1035;480;840;857;427;1059;496;583;633;484;230;35;923;610;248;1158;1015;121;629;255;784;775;569;894;714;350;869;448;419;383;445;362;748;332;1101;397;616;1083;362;149;989;763;653;471;457;532;745;536;681;237;567;703;428;481;800;810;1088;885;690;821;601;659;665;302;379;1089;445;52;985;739;362;220;970;186;608
23;746;867;516;651;724;747;89;554;153;623;823;662;842;726;814;547;591;643;470;206;413;481;823;0;1027;976;214;569;433;528;725;698;747;645;514;460;563;670;472;217;311;586;504;678;853;360;462;351;375;186;206;659;451;607;138;851;719;980;841;552;289;74;386;693;1015;799;807;716;506;872;764;781;386;651;907;276;449;747;792;780;707;221;682;684;664;644;382;834;714;226;333;582;828;1065;535;137;355;338;712;450;341;536;725;610;620;917;1029;728;239;451;799;422;666;87;469;578;679;802;593;422;541;445;707;720;672;635;538;149;478;421;540;409;600;921;401;866;829;104;684;636;724;726;710;368;658;176;912;948;77;135;474;518;849;607;869;883;499;951;918;743;428;233;650;871;843;717;898;1024;421;573;293;1148;551;374;741;973;212;396;362;109;73;703;874;287;324;485;263;198;688;471;704;378;826;629;1132;473;610;428;732;684
24;738;308;533;415;749;774;1049;784;994;641;732;553;558;554;239;495;770;617;972;825;843;839;538;1027;0;139;1032;831;617;643;664;386;289;415;552;999;766;362;704;843;715;447;788;499;322;798;565;987;714;886;833;368;614;432;1130;262;863;179;242;929;746;1051;711;389;115;752;251;693;615;513;422;326;655;389;320;798;993;726;368;712;881;817;512;871;368;617;930;564;346;1059;705;681;389;205;678;1149;929;827;495;871;705;948;960;631;456;439;253;357;793;587;242;709;601;1072;557;449;486;454;678;621;882;746;336;527;716;875;489;960;774;791;967;886;465;208;863;309;503;1094;408;724;977;790;522;677;748;1079;375;118;1070;891;659;760;177;421;181;145;567;315;206;889;680;912;926;193;389;764;372;144;611;453;807;207;489;699;763;88;1014;732;816;949;1052;898;533;767;838;571;771;829;373;765;898;734;590;817;202;620;642;930;415;406
25;801;390;519;332;808;836;988;671;964;680;806;436;640;613;276;430;653;499;866;783;850;733;617;976;139;0;1010;715;597;542;535;412;232;336;546;895;652;308;714;778;667;427;809;541;402;711;528;894;636;854;775;326;539;419;1067;332;735;42;139;815;710;992;701;296;42;822;289;751;523;375;482;377;628;325;182;728;889;595;246;579;754;780;396;745;354;499;834;428;264;981;645;568;465;109;700;1106;836;820;546;768;678;836;832;517;370;299;128;261;737;526;180;621;648;1012;512;415;373;322;563;557;769;754;341;583;766;754;443;892;671;797;854;893;385;76;869;391;583;1034;312;768;850;661;575;613;796;1050;236;48;1012;842;665;652;178;391;233;172;560;175;299;759;676;892;804;255;470;635;233;48;579;412;788;174;425;625;825;57;992;727;813;889;1011;771;394;701;754;499;714;780;388;780;771;725;669;696;159;617;678;829;463;310
26;597;817;499;713;573;590;303;721;71;510;675;777;732;626;799;605;755;773;671;255;260;658;719;214;1032;1010;0;745;415;655;868;662;778;705;482;664;725;704;369;362;369;587;357;603;801;520;483;557;499;165;330;684;543;600;330;817;896;1022;886;745;307;286;324;758;1044;647;790;578;618;983;697;742;382;696;979;415;653;901;867;931;887;244;786;864;665;774;578;955;764;440;422;725;761;1110;426;202;551;221;632;634;332;731;915;741;692;1013;1086;789;340;517;830;556;559;295;504;595;776;900;735;499;726;331;697;628;531;817;571;347;640;291;738;239;668;967;242;815;733;307;754;496;917;892;622;458;509;69;995;974;284;247;395;678;858;620;858;887;466;1021;888;923;360;120;839;855;774;878;981;1059;432;599;225;1184;605;488;587;995;18;312;240;294;149;886;989;405;494;564;362;282;665;340;887;304;709;802;1169;419;498;623;674;754
27;1013;859;592;438;1001;1033;513;50;673;845;1070;279;990;885;731;422;63;216;175;516;793;88;963;569;831;715;745;0;575;211;220;714;570;443;625;206;66;525;741;383;451;574;837;795;854;227;501;265;288;602;420;545;332;601;566;808;151;694;589;100;522;528;644;449;757;1062;734;962;264;421;831;772;546;488;560;337;205;204;469;241;143;540;319;119;607;216;206;361;499;414;385;150;873;755;785;695;228;710;829;122;556;123;190;200;399;499;695;477;424;398;602;232;859;538;471;534;345;409;153;377;58;749;659;860;939;78;483;420;117;761;141;819;404;640;797;858;947;549;429;913;200;163;847;365;946;734;530;715;546;498;700;94;694;553;758;730;622;595;845;179;664;681;120;775;889;162;523;748;520;510;638;848;432;310;1023;746;734;680;724;462;640;145;412;360;251;361;410;477;681;790;146;660;995;61;830;653;833;169;788;431
28;438;434;85;331;426;458;480;530;377;272;500;460;451;336;388;233;549;486;608;228;277;516;428;433;617;597;415;575;0;390;592;264;367;320;82;621;523;297;175;313;160;171;280;263;420;384;93;549;293;271;282;273;250;185;557;419;705;612;480;631;144;476;109;374;630;489;380;389;335;640;338;348;49;297;588;303;610;646;486;665;707;212;452;684;249;487;522;631;367;543;206;476;400;700;211;541;504;227;299;519;92;633;765;464;324;647;682;399;242;187;418;343;294;497;127;183;431;544;483;199;591;197;283;318;364;653;175;418;460;228;649;317;299;560;291;433;423;520;375;338;775;667;307;213;371;462;615;559;492;305;127;482;442;206;447;471;69;629;487;737;102;296;695;445;416;645;601;646;55;193;191;770;229;269;448;580;397;143;224;384;444;714;651;263;397;238;231;248;257;236;715;134;446;611;756;77;260;551;302;375
29;820;648;392;234;810;843;504;161;588;651;873;137;782;681;522;210;167;117;329;402;640;197;755;528;643;542;655;211;390;0;215;502;368;237;428;355;148;316;564;311;303;365;667;589;643;185;306;352;157;494;332;334;140;391;576;598;318;529;407;298;378;514;477;254;585;867;524;767;56;345;620;561;372;279;416;252;349;260;307;284;323;419;165;303;396;118;291;305;300;458;239;86;662;602;601;665;296;564;622;227;395;312;390;86;193;397;551;286;315;203;405;105;659;531;273;324;176;285;93;193;251;579;447;654;749;281;275;401;130;600;331;673;194;471;648;647;737;549;235;726;403;276;642;207;760;664;405;534;534;417;518;122;494;342;553;531;427;458;637;351;488;566;329;569;677;254;393;582;335;299;497;695;220;167;832;564;641;514;574;420;587;333;346;251;229;157;293;373;469;621;334;497;789;230;677;466;640;287;578;237
30;1004;759;577;335;997;1030;688;197;799;837;1049;145;937;848;619;376;162;105;395;617;852;283;909;725;664;535;868;220;592;215;0;645;446;345;615;426;181;428;767;514;519;526;872;753;759;365;501;474;369;709;540;457;350;548;752;701;200;507;427;315;593;700;686;324;575;1048;625;950;263;202;764;684;580;394;363;457;425;66;296;73;219;634;176;212;530;104;410;141;374;612;455;143;793;556;797;860;427;778;783;325;607;340;297;130;310;284;493;339;527;405;462;311;838;714;467;484;208;213;133;403;278;786;574;819;937;230;447;587;254;810;356;886;327;459;861;759;886;729;306;918;315;126;806;422;952;872;324;545;720;625;718;215;557;492;631;589;617;392;722;225;693;781;276;652;807;100;319;561;538;459;712;648;385;382;1019;575;854;724;787;616;789;237;192;462;405;353;507;585;608;827;237;707;949;177;631;663;827;382;724;308
31;402;172;182;310;405;435;741;664;634;267;426;499;292;219;147;292;669;552;798;492;457;681;264;698;386;412;662;714;264;502;645;0;238;300;185;818;651;220;318;558;406;143;402;132;160;580;258;767;482;532;534;188;395;115;820;155;810;441;342;794;408;739;338;331;433;433;135;349;450;607;119;83;312;252;480;532;808;710;419;716;820;476;471;801;115;552;726;625;290;790;427;578;160;522;292;805;715;448;149;698;357;803;891;544;336;578;526;332;492;337;266;510;239;760;271;180;440;508;581;369;748;360;82;187;358;783;233;670;615;405;821;500;321;406;477;170;241;783;346;357;905;753;177;414;386;716;526;366;755;568;275;621;234;160;205;250;200;510;225;842;302;543;832;196;176;727;513;457;283;204;439;571;282;459;424;376;644;353;435;643;707;832;624;493;607;357;475;508;37;379;832;358;308;730;560;243;265;744;78;344
32;640;315;294;134;641;672;763;521;731;494;664;309;521;457;172;206;514;371;696;551;630;565;494;747;289;232;778;570;367;368;446;238;0;131;325;721;504;76;499;555;436;201;600;369;317;511;296;701;425;621;548;94;325;200;844;255;633;245;115;664;477;766;473;124;269;672;179;586;332;373;345;249;396;100;244;509;714;513;183;511;647;547;271;632;141;371;646;398;73;769;419;421;359;333;496;874;644;593;387;593;446;680;724;375;175;340;316;107;509;300;52;423;473;787;280;184;240;277;420;333;616;536;156;426;590;626;210;672;498;577;699;673;178;193;648;315;466;809;143;584;740;567;415;389;616;817;288;201;786;612;447;489;126;162;189;163;338;279;278;663;452;660;677;207;371;540;275;281;346;179;557;407;200;410;661;227;760;502;587;663;779;662;391;479;550;281;486;549;203;566;662;498;542;569;391;396;489;650;311;141
33;676;421;270;11;673;705;652;393;650;516;714;200;592;508;288;100;389;256;565;462;597;434;565;645;415;336;705;443;320;237;345;300;131;0;308;590;377;84;481;442;343;195;588;415;419;383;231;571;301;542;441;112;203;211;732;367;518;335;197;535;397;657;429;54;377;716;291;621;201;329;419;341;334;49;274;391;583;411;166;415;530;464;170;514;185;256;516;333;71;647;311;296;449;420;494;778;514;544;441;462;379;550;605;254;44;327;385;84;405;195;173;293;507;677;203;156;140;229;296;223;487;512;229;478;616;503;144;556;367;547;569;638;49;276;612;421;541;698;56;602;620;457;466;278;636;736;295;315;677;512;428;359;257;155;316;294;316;316;401;550;419;592;554;332;463;430;281;382;282;135;496;505;99;289;694;344;687;464;544;554;685;544;343;366;423;163;381;452;263;548;545;454;607;447;488;372;508;519;379;55
34;391;352;38;320;383;416;563;578;450;223;445;476;378;265;317;240;593;511;675;310;305;574;353;514;552;546;482;625;82;428;615;185;325;308;0;690;569;264;175;393;239;124;281;184;338;450;124;623;355;347;364;234;293;127;640;340;746;566;440;690;227;559;158;358;576;439;308;339;371;637;256;267;131;275;561;378;679;674;469;689;751;293;461;729;192;512;592;636;340;624;277;513;317;653;186;619;576;275;221;581;173;694;814;493;323;633;642;378;323;227;372;398;233;580;154;154;435;538;519;249;647;211;216;244;322;701;171;500;514;252;710;348;299;518;323;351;346;603;364;302;825;702;232;276;336;533;594;506;575;388;123;531;381;166;376;407;15;599;410;779;129;361;746;373;333;679;580;595;118;173;256;717;233;330;405;523;463;181;266;467;522;760;650;338;467;270;310;330;183;243;760;181;376;656;704;70;213;618;219;363
35;1052;979;664;588;1036;1066;383;234;594;891;1118;463;1068;955;866;539;265;406;30;485;779;161;1042;460;999;895;664;206;621;355;426;818;721;590;690;0;253;663;763;341;468;674;843;873;972;240;572;108;337;554;383;675;423;702;414;936;313;878;761;124;524;400;660;610;938;1104;866;1006;390;625;927;888;581;628;752;324;12;407;652;444;293;513;502;275;726;407;100;567;655;255;415;331;978;945;818;565;123;692;909;128;572;98;282;382;546;701;889;642;406;481;761;309;915;403;550;640;522;604;338;450;148;759;779;934;975;228;586;317;225;759;93;796;544;821;777;978;1032;408;591;944;277;355;922;413;975;636;728;889;413;438;733;243;847;665;903;884;682;790;983;326;689;632;218;916;994;361;719;932;572;619;621;1039;548;361;1057;920;658;691;711;370;533;282;617;362;225;464;405;443;790;799;283;669;1066;258;1021;696;878;73;885;593
36;959;794;535;372;949;981;516;18;654;791;1015;216;929;826;665;359;29;155;223;486;754;101;902;563;766;652;725;66;523;148;181;651;504;377;569;253;0;459;693;363;410;513;791;735;790;206;446;292;246;576;396;480;276;539;576;742;183;632;524;163;483;530;599;383;694;1008;668;908;202;374;768;708;498;422;501;311;251;185;407;221;183;508;256;161;543;155;229;317;433;432;343;85;810;695;735;694;246;672;769;143;512;183;244;135;333;447;637;411;394;342;536;186;802;542;415;472;280;352;88;324;117;704;594;801;886;133;422;418;86;719;202;782;339;577;759;793;885;555;363;862;256;166;788;319;895;721;474;651;549;478;650;47;628;490;692;664;567;537;779;215;616;653;181;709;825;154;466;686;468;447;601;789;369;267;971;682;713;636;685;453;631;190;367;328;239;302;377;449;617;745;191;617;935;87;771;601;779;202;726;365
37;608;337;230;93;607;639;688;475;656;454;641;284;513;434;206;133;472;340;638;475;567;510;485;670;362;308;704;525;297;316;428;220;76;84;264;663;459;0;440;480;359;141;545;342;334;444;221;635;354;546;472;33;254;148;768;283;603;318;182;615;401;690;405;111;345;646;208;554;273;392;337;256;323;37;296;435;655;494;209;497;615;472;252;598;106;341;583;405;77;697;343;379;365;406;444;798;579;524;366;535;372;628;690;338;126;374;384;118;433;225;128;358;440;711;203;114;221;291;380;258;567;475;145;404;553;587;134;597;442;514;647;609;121;263;583;336;460;733;125;543;705;541;392;314;575;742;331;277;710;535;388;439;191;98;240;228;275;334;321;634;388;587;637;253;379;515;317;357;272;105;485;482;126;338;628;303;686;436;520;587;702;629;407;404;481;211;410;473;183;508;629;430;529;531;467;334;447;591;298;123
38;291;454;212;492;274;303;542;698;361;151;363;634;371;259;464;403;719;662;754;299;139;675;355;472;704;714;369;741;175;564;767;318;499;481;175;763;693;440;0;429;297;300;107;235;438;535;267;678;454;286;390;410;423;299;609;464;875;737;615;789;240;533;103;533;741;345;453;251;509;808;330;389;195;450;737;439;751;821;644;840;877;272;624;854;362;662;662;802;516;638;358;650;393;823;63;545;641;149;262;673;191;787;931;639;491;808;815;553;358;362;544;509;195;552;301;329;601;709;657;371;751;42;374;259;214;819;339;509;624;87;802;182;467;691;159;453;365;574;537;181;940;841;252;375;211;432;770;671;545;374;53;649;543;342;523;564;166;775;535;908;77;261;859;514;406;819;756;762;229;347;179;881;397;430;294;686;352;78;129;463;455;883;820;402;539;413;358;336;332;67;884;99;354;781;869;109;138;697;311;536
39;720;730;380;447;703;732;209;358;291;567;791;445;764;647;650;349;392;427;338;144;438;298;741;217;843;778;362;383;313;311;514;558;555;442;393;341;363;480;429;0;154;425;503;576;718;157;301;249;158;222;41;476;241;451;289;701;534;777;640;395;189;215;326;487;818;774;645;678;289;655;648;638;266;456;695;59;329;541;580;573;527;172;465;503;497;428;242;617;513;232;138;370;708;861;487;354;218;351;613;279;243;386;560;394;412;700;821;523;72;255;606;206;598;234;296;406;464;585;381;222;369;421;547;631;643;457;357;117;277;418;397;456;395;718;437;728;737;255;476;611;564;529;620;166;640;359;697;754;235;115;406;316;668;435;701;704;381;739;763;562;360;301;483;707;724;517;684;824;278;395;280;947;355;159;724;782;351;353;369;113;276;526;657;76;134;279;83;102;539;459;527;332;756;439;930;379;554;283;610;476
40;583;578;226;350;568;599;339;412;309;423;650;412;612;495;508;242;438;417;458;119;343;380;588;311;715;667;369;451;160;303;519;406;436;343;239;468;410;359;297;154;0;280;387;423;566;238;154;390;164;203;127;348;176;303;419;553;593;673;534;492;74;338;196;394;705;636;502;538;258;616;494;488;114;343;614;145;456;562;500;588;591;124;418;568;356;418;367;591;408;386;66;384;554;760;350;438;348;263;459;376;106;490;640;388;325;644;728;427;85;149;488;223;450;360;158;268;407;530;393;129;456;299;403;479;507;530;227;264;334;310;505;373;302;615;349;577;584;383;388;477;648;569;467;96;508;394;627;637;357;176;265;364;538;297;561;572;227;657;617;624;222;267;566;565;570;550;613;715;124;262;194;840;244;143;590;662;352;230;275;239;344;595;622;106;243;195;71;113;390;340;596;210;606;496;824;230;410;400;456;388
41;482;309;92;206;478;510;619;525;546;320;523;382;417;321;228;155;532;427;655;381;429;538;390;586;447;427;587;574;171;365;526;143;201;195;124;674;513;141;300;425;280;0;403;227;299;437;125;625;339;438;406;110;252;27;699;276;679;444;316;652;299;618;273;241;459;523;222;427;310;523;256;217;208;155;437;394;664;589;348;599;686;371;360;667;79;427;583;529;218;656;290;444;304;532;303;704;572;393;258;554;258;660;755;415;219;513;518;256;364;194;249;366;313;640;131;42;331;423;448;226;606;335;122;293;420;646;91;541;473;376;678;471;199;394;446;308;372;663;250;407;768;626;280;274;440;632;472;388;637;452;247;481;271;43;283;301;136;475;337;711;251;467;694;285;320;601;458;476;165;67;362;600;146;317;499;408;569;301;386;519;606;698;538;356;465;215;345;390;117;367;698;298;426;595;585;194;312;601;214;248
42;243;517;318;599;220;243;584;796;370;167;321;741;380;285;549;510;819;767;837;363;97;767;371;504;788;809;357;837;280;667;872;402;600;588;281;843;791;545;107;503;387;403;0;296;500;624;373;752;548;323;462;513;526;400;642;536;975;833;715;879;321;572;192;639;833;295;537;221;612;915;388;464;295;556;840;521;831;925;750;945;975;334;731;951;461;768;743;910;621;694;451;752;446;918;110;552;720;166;313;761;280;875;1027;744;598;914;914;659;436;467;643;605;218;589;407;435;709;816;760;473;843;87;467;296;174;915;446;568;720;86;889;125;574;790;115;515;390;609;644;138;1035;943;294;472;155;425;875;764;580;429;159;747;634;446;606;652;272;878;606;1007;179;273;953;595;456;921;861;856;333;453;227;973;505;526;237;777;343;156;143;517;471;980;927;487;622;518;440;403;421;46;981;177;354;879;961;216;160;780;379;643
43;270;222;208;426;272;303;735;746;588;141;299;608;195;94;267;382;756;655;857;480;368;750;170;678;499;541;603;795;263;589;753;132;369;415;184;873;735;342;235;576;423;227;296;0;205;632;301;808;536;498;545;308;464;205;809;242;905;572;475;866;401;729;293;453;559;304;254;216;533;733;95;172;311;369;612;563;862;817;547;826;912;459;584;892;236;655;776;746;416;806;461;670;158;650;190;768;760;382;36;761;344;872;979;642;444;708;658;458;505;399;399;575;107;750;326;270;554;633;675;426;822;276;214;65;226;869;314;680;688;321;889;408;426;538;389;220;161;773;465;227;992;854;53;459;255;664;658;494;744;559;210;700;362;261;320;373;195;643;311;937;252;490;915;305;171;828;645;584;303;295;394;694;373;511;291;501;585;293;363;644;674;923;749;523;652;433;494;507;166;283;923;306;200;819;684;205;142;800;84;463
44;416;17;341;427;428;452;900;804;779;338;410;617;238;236;148;436;805;675;951;649;573;829;217;853;322;402;801;854;420;643;759;160;317;419;338;972;790;334;438;718;566;299;500;205;0;737;418;925;639;682;694;310;548;272;978;70;938;440;386;939;565;897;481;435;407;429;138;373;594;684;112;83;469;371;524;692;962;826;495;826;950;631;583;933;247;676;882;714;386;950;587;712;66;505;395;955;872;581;187;849;512;951;1024;673;461;637;529;424;652;493;319;662;292;918;430;331;551;592;714;526;893;480;195;213;400;920;386;831;762;525;969;613;451;424;594;15;182;941;453;413;1039;876;211;573;434;859;577;354;913;726;406;765;241;307;170;232;353;543;117;969;442;684;970;147;68;849;567;436;442;352;584;528;426;616;441;350;783;489;564;803;859;963;703;653;765;508;636;667;182;488;964;498;269;865;522;386;342;898;127;450
45;819;745;424;383;805;836;324;200;449;656;883;322;828;715;640;313;235;290;225;289;572;146;802;360;798;711;520;227;384;185;365;580;511;383;450;240;206;444;535;157;238;437;624;632;737;0;332;191;98;375;192;451;192;465;393;705;377;703;573;254;303;336;434;415;754;871;639;772;188;526;687;653;346;412;599;110;229;387;486;420;371;313;350;347;494;291;145;481;453;274;178;223;740;780;586;495;136;487;669;137;345;252;410;257;343;582;732;450;197;243;556;90;677;351;311;405;358;470;234;211;221;537;547;694;743;303;351;222;120;544;267;596;333;643;574;744;792;367;399;714;416;372;682;173;746;515;590;696;356;273;501;159;634;431;682;672;442;641;757;406;459;453;334;693;756;360;578;754;333;386;415;871;321;121;826;726;509;468;502;250;426;372;525;137;44;235;186;249;554;578;373;447;826;282;853;460;643;168;646;400
