PARÂMETROS
300;20;12;20
COORDENADAS
0;374;800
1;66;919
2;106;134
3;278;418
4;686;13
5;703;63
6;218;800
7;862;707
8;497;861
9;139;854
10;838;380
11;628;7
12;778;567
13;155;31
14;117;158
15;901;569
16;15;362
17;344;688
18;595;502
19;962;202
20;245;317
21;505;951
22;635;336
23;88;851
24;629;917
25;255;390
26;616;727
27;512;661
28;523;316
29;194;159
30;87;480
31;339;292
32;114;584
33;148;203
34;577;481
35;785;966
36;914;738
37;955;400
38;859;586
39;142;334
40;687;796
41;49;757
42;267;751
43;543;247
44;472;736
45;412;180
46;379;420
47;847;883
48;142;462
49;318;692
50;551;150
51;191;259
52;326;709
53;312;579
54;300;779
55;852;239
56;903;328
57;302;455
58;424;340
59;841;13
60;657;679
61;391;999
62;681;116
63;195;834
64;234;129
65;313;726
66;515;986
67;887;669
68;284;439
69;94;870
70;235;906
71;821;863
72;263;841
73;511;540
74;227;127
75;563;106
76;817;747
77;384;914
78;202;938
79;659;884
80;927;370
81;99;860
82;207;522
83;417;959
84;691;521
85;259;430
86;111;996
87;549;427
88;954;601
89;55;29
90;498;595
91;55;381
92;718;799
93;910;89
94;249;505
95;666;41
96;464;852
97;750;169
98;284;474
99;24;624
100;639;955
101;684;480
102;251;905
103;550;143
104;232;590
105;920;96
106;593;739
107;986;5
108;573;996
109;957;667
110;389;306
111;942;960
112;944;878
113;229;478
114;254;360
115;621;565
116;602;170
117;429;322
118;405;203
119;134;790
120;16;389
121;261;104
122;912;112
123;979;930
124;23;960
125;429;601
126;833;206
127;44;459
128;296;892
129;558;420
130;815;112
131;910;732
132;437;370
133;848;300
134;282;630
135;807;625
136;390;685
137;484;382
138;383;139
139;833;624
140;994;620
141;192;337
142;986;613
143;58;491
144;830;269
145;495;574
146;87;114
147;571;262
148;809;211
149;550;711
150;685;903
151;493;530
152;869;660
153;161;984
154;227;401
155;10;268
156;557;475
157;279;476
158;773;27
159;119;669
160;707;833
161;509;15
162;572;592
163;110;453
164;553;304
165;309;290
166;13;116
167;925;977
168;813;796
169;595;38
170;755;385
171;510;577
172;504;778
173;166;669
174;394;729
175;212;541
176;344;538
177;734;727
178;165;12
179;847;9
180;382;479
181;522;824
182;224;718
183;430;228
184;764;648
185;501;454
186;870;378
187;40;707
188;155;170
189;167;830
190;221;674
191;260;333
192;377;394
193;423;969
194;467;142
195;859;703
196;577;374
197;880;362
198;133;273
199;189;666
200;693;991
201;676;799
202;970;184
203;982;450
204;477;707
205;364;633
206;69;250
207;240;129
208;927;277
209;378;598
210;352;220
211;786;57
212;462;645
213;148;899
214;848;475
215;256;264
216;98;581
217;470;53
218;604;434
219;229;471
220;133;762
221;733;489
222;442;355
223;360;129
224;130;288
225;354;427
226;250;410
227;453;98
228;411;990
229;27;757
230;332;842
231;277;584
232;745;610
233;223;679
234;493;853
235;262;114
236;556;666
237;952;228
238;738;68
239;419;331
240;934;199
241;834;142
242;395;996
243;130;414
244;477;524
245;627;279
246;706;686
247;322;948
248;973;202
249;892;33
250;149;186
251;677;493
252;443;343
253;73;674
254;166;568
255;157;323
256;244;635
257;733;798
258;70;830
259;585;288
260;612;133
261;717;873
262;154;189
263;232;296
264;183;464
265;328;215
266;926;502
267;987;792
268;543;908
269;127;885
270;10;96
271;174;693
272;587;233
273;162;570
274;540;342
275;391;843
276;594;554
277;109;198
278;850;274
279;16;820
280;594;104
281;752;450
282;673;453
283;875;401
284;664;851
285;152;962
286;784;577
287;119;519
288;168;930
289;32;328
290;701;749
291;586;535
292;886;802
293;970;217
294;633;144
295;962;418
296;96;479
297;490;928
298;305;888
299;202;127
DISTÂNCIAS
DE/PARA;0;1;2;3;4;5;6;7;8;9;10;11;12;13;14;15;16;17;18;19;20;21;22;23;24;25;26;27;28;29;30;31;32;33;34;35;36;37;38;39;40;41;42;43;44;45;46;47;48;49;50;51;52;53;54;55;56;57;58;59;60;61;62;63;64;65;66;67;68;69;70;71;72;73;74;75;76;77;78;79;80;81;82;83;84;85;86;87;88;89;90;91;92;93;94;95;96;97;98;99;100;101;102;103;104;105;106;107;108;109;110;111;112;113;114;115;116;117;118;119;120;121;122;123;124;125;126;127;128;129;130;131;132;133;134;135;136;137;138;139;140;141;142;143;144;145;146;147;148;149;150;151;152;153;154;155;156;157;158;159;160;161;162;163;164;165;166;167;168;169;170;171;172;173;174;175;176;177;178;179;180;181;182;183;184;185;186;187;188;189;190;191;192;193;194;195;196;197;198;199;200;201;202;203;204;205;206;207;208;209;210;211;212;213;214;215;216;217;218;219;220;221;222;223;224;225;226;227;228;229;230;231;232;233;234;235;236;237;238;239;240;241;242;243;244;245;246;247;248;249;250;251;252;253;254;255;256;257;258;259;260;261;262;263;264;265;266;267;268;269;270;271;272;273;274;275;276;277;278;279;280;281;282;283;284;285;286;287;288;289;290;291;292;293;294;295;296;297;298;299
0;0;330;717;393;846;807;156;496;137;241;625;832;466;799;691;575;566;115;371;838;499;199;532;290;280;426;252;195;506;665;429;509;338;638;378;443;543;705;530;520;313;327;117;578;117;621;380;480;409;121;673;571;102;229;76;737;708;352;462;915;307;199;749;182;685;95;233;529;372;288;174;451;118;293;688;719;446;114;220;297;700;281;324;164;422;387;328;412;613;834;239;526;344;890;320;813;103;734;338;391;307;445;161;680;253;890;227;1003;279;597;494;590;575;353;456;340;669;481;597;240;545;705;873;618;385;206;750;474;120;422;817;540;434;688;193;467;116;432;661;491;645;497;639;441;699;256;743;572;732;197;327;295;514;281;425;644;372;337;869;286;334;796;287;436;527;514;773;578;439;793;563;261;131;245;73;305;263;367;815;921;321;149;170;574;418;368;651;346;666;209;198;480;406;175;664;494;471;669;579;228;371;302;857;701;138;167;628;684;761;202;580;849;178;246;574;548;352;753;432;359;243;474;450;671;567;373;409;706;193;349;59;236;416;193;130;695;226;813;817;471;821;802;197;456;294;579;351;156;846;925;653;431;462;326;311;524;210;359;305;553;708;350;649;523;386;586;627;613;200;261;792;226;605;312;487;46;330;657;709;358;729;515;458;640;294;274;466;379;243;582;330;339;512;833;705;701;424;172;111;694
1;330;0;786;544;1097;1067;193;823;434;97;941;1071;794;892;762;905;559;361;673;1147;628;440;814;71;563;561;582;515;756;770;439;683;338;720;673;720;867;1029;860;589;633;162;261;824;445;815;589;781;463;339;909;671;334;419;272;1039;1024;520;680;1192;637;334;1011;154;807;313;453;858;527;56;169;757;211;584;808;952;770;318;137;594;1021;67;421;353;740;525;89;689;943;890;540;538;662;1183;452;1063;403;1015;495;297;574;758;185;914;368;1186;556;1296;512;925;692;876;878;470;589;658;921;698;792;145;532;838;1169;913;59;482;1047;460;231;700;1101;864;662;997;360;797;399;680;841;821;974;595;969;428;1003;550;805;828;1026;526;619;577;843;115;542;653;661;491;1138;255;646;1006;602;468;784;674;804;860;757;1027;871;560;460;269;379;405;471;695;912;1199;541;465;255;781;748;636;969;213;754;134;289;617;610;360;874;821;747;986;649;281;631;621;1165;1029;462;413;669;808;1074;447;755;1123;481;84;899;682;339;955;724;476;170;793;677;842;634;570;541;907;352;166;276;395;746;286;432;828;551;1123;1084;685;1127;1092;337;509;570;851;681;257;1156;1211;737;744;688;245;364;602;335;677;89;817;957;652;735;644;469;751;955;929;477;69;824;250;861;361;746;333;641;722;1015;110;971;830;765;960;601;96;795;403;102;591;657;646;828;1144;960;1026;441;424;241;803
2;717;786;0;332;592;601;675;948;825;720;772;537;799;114;26;906;245;602;612;858;229;909;566;717;941;296;782;665;454;91;346;281;450;80;585;1073;1008;889;878;203;880;625;637;451;704;309;395;1053;329;596;445;151;615;490;673;753;820;376;378;744;775;910;575;705;128;627;945;946;353;736;782;1021;724;573;121;457;938;828;809;931;854;726;400;881;701;333;862;531;968;116;605;252;903;805;397;567;802;644;383;496;978;673;784;444;473;814;776;889;980;1004;331;1175;1120;365;270;671;497;373;306;656;270;157;806;1181;830;567;730;330;781;534;709;1002;406;760;526;855;619;452;277;876;1012;220;1001;360;736;587;27;482;707;728;962;553;926;851;293;164;565;383;675;535;921;420;653;319;478;256;94;1175;968;498;695;599;757;538;661;420;468;863;135;751;441;805;595;337;834;508;802;576;60;698;552;251;375;893;361;943;528;806;141;538;1038;875;865;931;682;561;121;134;833;537;260;684;622;766;816;198;447;372;581;358;628;720;402;254;155;383;311;348;908;627;743;481;796;557;816;157;696;851;635;369;830;728;909;281;538;540;815;842;869;792;67;674;396;541;438;195;519;913;696;503;506;958;73;205;338;236;898;1099;888;751;103;563;491;439;481;764;643;64;757;691;488;719;650;814;908;829;809;385;798;207;855;625;1026;867;527;901;345;881;779;96
3;393;544;332;0;574;553;386;651;494;457;561;539;521;406;305;641;268;277;327;717;106;579;366;472;610;36;457;337;265;272;200;139;233;251;305;746;711;677;604;159;556;409;333;315;372;273;101;734;142;276;382;181;294;164;361;601;631;44;165;693;460;591;503;424;292;309;615;658;21;488;489;702;423;263;295;422;631;507;525;601;650;476;125;558;425;22;601;271;700;448;282;226;582;712;91;540;472;533;56;327;647;410;487;386;178;718;449;819;648;723;157;857;809;77;62;373;408;178;249;398;263;314;703;868;598;237;594;237;474;280;618;705;166;582;212;568;289;209;298;591;743;118;734;231;571;267;359;331;569;399;633;242;638;577;53;307;284;58;630;297;596;464;341;171;297;131;401;855;655;494;478;281;425;274;331;139;136;550;421;700;120;473;304;243;537;225;593;374;276;426;262;86;101;569;334;647;302;604;205;263;707;550;730;704;350;231;268;291;664;205;211;623;292;498;572;155;242;412;326;72;373;460;175;300;196;76;29;364;587;421;427;166;504;266;485;304;372;700;578;165;691;620;589;148;225;375;504;531;727;724;265;405;181;327;187;153;219;592;461;333;439;632;260;130;105;209;653;801;557;490;418;294;360;191;272;439;344;277;589;479;445;475;396;597;580;558;530;188;523;261;537;329;719;720;448;684;191;552;470;300
4;846;1097;592;574;0;52;915;715;868;1003;397;58;561;531;587;596;756;756;497;334;535;955;327;1029;905;572;717;670;344;513;759;445;808;570;480;958;760;471;598;631;783;979;848;274;754;320;509;884;705;772;192;552;783;678;857;280;382;585;419;155;666;1029;103;956;466;804;987;686;585;1041;1000;860;929;555;472;154;745;950;1043;871;430;1030;698;983;508;596;1138;436;646;631;611;730;786;236;658;34;867;168;611;900;943;467;992;188;734;248;731;300;989;707;417;980;902;651;554;555;178;401;339;953;768;434;246;962;1156;641;242;781;961;426;162;753;435;329;737;623;734;420;328;628;680;590;670;789;293;592;607;274;233;711;890;551;672;1103;601;722;479;616;88;867;820;177;590;724;319;467;680;993;793;94;378;590;786;837;773;709;626;715;521;161;556;827;842;334;639;478;408;948;553;967;808;532;490;991;254;711;377;399;611;820;978;786;331;527;724;698;660;460;357;661;392;109;670;1036;489;497;817;219;428;647;931;478;420;346;620;530;589;248;1014;993;901;702;599;811;861;435;665;342;75;415;310;196;1025;685;552;272;673;1003;343;206;564;480;409;901;760;613;763;786;1023;292;140;860;560;534;675;411;544;835;906;1035;681;851;241;764;359;880;548;605;308;1048;129;441;440;431;838;1088;572;759;1053;725;736;531;813;349;141;490;751;935;954;497
5;807;1067;601;553;52;0;882;663;824;971;344;93;509;548;593;543;750;720;452;293;523;909;281;999;857;554;669;627;310;517;743;430;786;572;436;906;707;420;545;623;733;953;814;243;711;313;482;832;688;737;175;548;747;647;821;230;332;560;393;146;617;986;57;923;473;769;941;633;562;1011;964;808;893;514;480;146;693;908;1008;822;380;1000;675;940;458;576;1104;395;593;648;570;721;736;208;633;43;824;115;586;880;894;417;955;172;706;219;684;288;942;655;397;928;849;630;538;508;147;377;329;923;760;443;214;909;1125;603;193;768;923;385;122;700;406;277;706;571;696;386;328;575;628;579;618;774;242;551;618;238;182;665;840;512;619;1068;583;722;437;591;78;841;770;199;544;709;283;454;692;940;741;110;326;549;742;809;734;685;595;664;540;153;525;782;811;318;588;440;356;924;558;935;778;518;464;948;248;658;335;347;607;792;928;736;293;477;682;663;661;467;309;625;384;83;629;1003;436;490;796;233;383;625;901;427;391;349;615;504;570;252;971;968;862;672;548;780;817;443;620;298;35;390;268;152;982;671;513;228;623;963;303;191;567;430;382;877;737;604;733;735;994;254;114;810;563;525;656;404;492;782;860;1003;693;822;205;741;323;840;502;609;257;1022;116;390;391;379;788;1054;520;740;1018;721;686;486;761;308;107;439;735;890;915;505
6;156;193;675;386;915;882;0;650;285;95;748;892;606;771;649;721;482;168;480;954;483;324;623;139;427;411;404;325;572;641;345;522;239;601;480;590;698;838;675;472;469;174;69;641;261;649;412;634;346;147;730;541;141;240;84;846;831;355;504;1003;455;263;825;41;671;120;350;681;366;142;107;606;60;391;673;775;601;201;138;448;829;133;278;254;549;372;223;498;762;788;347;449;500;992;296;881;251;825;332;261;448;565;110;736;210;994;379;1105;405;750;522;741;730;322;441;466;737;522;625;84;457;697;977;772;252;290;855;382;120;509;910;695;482;804;181;614;206;495;681;639;796;463;790;347;810;357;698;643;834;343;478;385;665;192;399;571;469;329;951;164;490;837;410;363;598;518;714;728;595;850;678;367;286;140;189;259;290;521;789;1010;360;304;82;610;566;446;776;200;633;59;126;468;436;265;703;648;557;793;533;137;511;458;972;840;275;221;569;671;881;257;595;935;289;121;708;537;249;788;531;329;93;601;498;685;519;397;391;740;270;195;121;223;560;121;280;687;363;930;897;510;934;901;264;395;378;662;501;180;963;1021;617;552;509;192;237;480;167;515;151;629;774;504;614;504;337;595;768;769;342;124;734;115;676;236;559;178;449;611;822;202;791;638;572;768;448;174;608;297;139;507;485;453;668;951;776;836;343;300;123;673
7;496;823;948;651;715;663;650;0;396;737;327;738;163;978;925;143;914;518;336;514;729;432;434;787;313;684;246;353;517;864;807;667;758;873;363;270;60;320;121;810;196;814;596;559;391;692;561;176;760;544;637;806;536;564;566;468;381;614;571;694;206;554;618;678;853;549;445;45;637;785;657;161;613;388;860;671;60;520;699;269;343;778;680;511;252;663;804;419;140;1054;380;870;170;619;645;694;423;549;623;842;333;288;642;644;640;613;270;712;408;103;620;265;189;673;700;279;596;579;680;732;903;851;597;251;876;445;501;854;595;418;596;54;542;407;585;98;472;498;743;87;158;765;155;832;439;390;975;531;498;312;264;409;47;753;704;958;383;627;685;743;199;776;311;793;507;692;1034;277;101;720;339;375;364;697;468;670;544;129;984;698;531;359;638;645;114;440;329;822;887;705;641;708;577;511;689;5;438;345;848;674;330;207;534;283;385;503;915;849;434;496;705;654;404;739;232;750;774;762;375;675;731;253;548;765;843;580;680;733;532;836;546;597;151;639;396;843;308;487;650;581;513;565;549;788;426;488;157;591;517;674;883;282;555;789;709;802;622;157;801;502;626;220;877;752;721;726;214;151;377;756;1048;688;547;713;486;490;308;908;433;853;659;279;316;306;244;754;151;766;728;912;166;325;97;501;607;305;799;432;585;878
8;137;434;825;494;868;824;285;396;0;358;589;863;406;897;799;498;693;230;372;806;599;90;542;409;143;529;179;200;545;764;559;590;472;744;388;306;434;649;454;635;200;459;254;615;127;686;456;350;534;246;713;675;228;337;213;716;670;450;526;915;242;174;767;303;777;228;126;434;472;403;265;324;234;321;782;757;339;124;304;163;652;398;446;126;391;492;408;437;525;942;266;652;229;875;433;837;34;736;441;529;170;424;249;719;379;874;155;985;154;499;565;455;447;467;556;320;698;543;664;369;673;792;856;486;484;268;736;605;203;445;813;432;494;661;315;389;205;479;730;411;552;606;548;574;679;287;852;603;721;159;192;331;422;357;533;767;390;442;878;423;211;846;279;562;559;601;888;443;322;828;541;284;83;382;167;428;357;272;911;921;398;44;308;636;341;407;610;482;771;331;333;578;482;130;719;394;493;629;691;364;235;189;825;635;155;263;745;775;725;288;657;854;218;351;521;643;487;808;440;473;377;440;508;744;680;456;514;764;155;481;166;353;352;328;8;783;203;779;828;535;793;794;169;578;337;596;272;195;812;917;759;409;520;463;442;636;339;244;428;579;737;220;754;624;506;667;559;494;65;370;906;364;634;443;520;107;321;768;684;482;763;483;444;595;167;359;403;509;336;707;232;337;393;799;729;642;553;67;193;791
9;241;97;720;457;1003;971;95;737;358;0;844;978;700;823;696;813;507;263;576;1049;547;378;717;51;494;478;493;419;660;697;377;596;271;651;575;655;783;933;768;520;551;132;164;729;353;727;495;708;392;241;815;597;236;324;177;941;927;431;587;1095;546;290;915;59;731;216;398;770;439;47;109;682;124;486;732;859;686;252;105;520;924;40;338;297;644;440;144;591;853;829;442;480;581;1086;365;968;325;917;406;257;510;660;123;821;279;1088;468;1199;456;839;602;809;805;386;507;562;825;605;703;64;480;759;1071;843;157;384;949;406;161;603;1003;780;568;899;265;706;302;584;755;731;886;519;880;371;905;452;741;732;928;435;548;479;755;131;461;600;564;403;1042;186;568;916;506;402;688;589;748;795;676;934;774;463;372;186;283;321;376;608;842;1102;446;384;160;690;658;539;872;177;684;36;197;534;517;306;783;735;649;889;581;194;570;539;1067;934;368;315;608;732;976;350;668;1026;384;45;803;601;276;866;626;393;92;697;583;757;566;478;457;818;304;148;193;303;653;194;354;750;457;1026;988;593;1030;994;292;440;472;754;591;205;1058;1114;668;647;594;191;287;531;242;596;73;720;862;578;665;565;392;666;862;850;407;33;768;164;765;284;650;252;545;656;917;127;877;734;667;864;525;108;701;335;81;536;571;549;748;1047;864;931;377;358;169;729
10;625;941;772;561;397;344;748;327;589;844;0;428;196;767;754;199;823;582;271;216;596;661;207;885;576;583;411;430;321;680;757;506;752;712;279;588;365;118;207;697;442;874;680;323;510;470;460;503;700;606;367;658;608;562;669;141;83;541;415;367;349;763;307;787;654;628;686;293;557;890;800;483;736;364;661;388;367;700;846;534;89;881;646;715;203;581;952;292;249;858;402;783;435;299;602;380;602;228;561;849;608;183;787;372;641;295;434;403;670;310;455;589;509;616;584;285;315;413;467;814;822;639;278;567;1000;464;174;797;745;282;268;359;401;80;609;246;541;354;514;244;286;647;276;787;111;394;796;291;171;438;544;376;281;907;611;835;296;567;358;774;471;491;340;731;294;536;866;603;416;419;83;382;519;731;564;646;518;362;767;371;466;544;700;435;278;345;32;862;714;807;683;579;461;720;440;323;261;45;713;709;627;449;236;160;487;537;779;648;136;509;511;327;460;863;95;593;766;492;240;615;801;151;396;539;713;486;588;477;744;894;685;596;248;683;585;634;401;190;327;421;204;238;758;708;388;233;333;767;223;351;715;196;396;819;697;683;646;430;890;269;334;507;710;611;660;536;150;438;604;872;875;734;290;702;300;643;299;751;106;932;368;110;180;42;502;899;204;732;866;807;393;295;424;209;312;129;748;649;736;684
11;832;1071;537;539;58;93;892;738;863;978;428;0;579;473;532;624;708;737;496;386;492;951;329;1001;910;534;720;664;326;459;718;405;772;518;476;971;784;511;623;585;791;947;826;254;745;276;482;902;665;751;162;504;764;653;838;322;422;554;390;213;672;1019;121;933;412;784;985;710;552;1014;981;877;910;545;418;118;763;939;1023;877;470;1003;665;975;517;561;1115;427;677;573;602;684;797;293;625;50;860;202;580;863;948;476;973;156;704;305;732;358;990;737;382;1003;926;617;514;558;165;372;296;925;721;379;302;987;1128;626;285;738;945;418;214;777;410;366;712;643;718;401;278;650;713;546;703;747;330;582;551;261;272;708;897;540;696;1082;562;670;473;584;146;835;829;119;587;683;306;426;624;1014;810;45;398;582;780;807;758;676;602;727;463;219;532;823;817;296;655;464;442;914;500;943;781;491;461;983;210;733;370;435;561;791;986;793;385;567;716;679;609;406;402;641;348;165;659;1012;517;452;781;164;427;611;902;493;394;294;571;501;552;197;1006;961;885;675;614;784;856;381;662;392;125;385;361;246;1016;643;538;272;683;989;396;265;511;488;383;867;726;567;736;797;994;284;127;870;507;490;637;365;577;863;905;1010;624;822;229;730;346;868;548;553;347;1017;102;460;448;465;844;1067;590;721;1031;676;745;529;835;401;137;529;711;931;938;442
12;466;794;799;521;561;509;606;163;406;700;196;579;0;821;777;123;790;450;194;408;588;471;271;746;380;552;227;282;357;712;696;518;664;727;218;399;218;243;83;677;246;753;543;397;349;532;425;323;644;476;474;662;473;466;522;336;269;488;420;557;164;579;461;641;698;491;494;149;510;748;640;299;583;268;705;508;184;525;685;338;247;739;572;532;98;536;793;268;179;901;281;746;239;495;532;537;424;398;502;756;412;128;626;481;546;491;252;599;475;205;468;425;352;556;563;157;434;426;521;681;782;694;474;414;851;350;365;741;581;264;456;211;393;276;499;64;405;347;582;79;222;629;213;724;302;283;826;368;357;269;348;287;130;744;575;824;239;507;540;666;275;614;207;677;346;544;888;435;231;559;183;268;345;620;416;566;434;165;826;562;405;362;574;485;82;299;210;751;738;665;567;568;436;536;526;158;278;228;708;597;432;253;428;235;331;419;776;693;326;401;549;510;325;712;115;603;680;599;219;557;673;90;397;605;705;446;550;570;560;774;523;501;54;566;403;686;243;381;500;429;399;428;575;665;304;325;139;594;413;546;735;125;402;713;612;667;538;235;755;339;464;312;729;609;603;571;161;307;414;724;900;617;384;616;327;475;184;764;301;802;498;119;154;192;306;740;11;660;709;783;197;194;258;399;447;236;687;461;571;724
13;799;892;114;406;531;548;771;978;897;823;767;473;821;0;132;919;359;683;644;824;299;984;568;822;1004;372;834;724;465;133;454;319;554;172;616;1127;1037;881;896;303;931;733;728;444;772;297;448;1097;431;680;413;230;699;570;761;727;804;448;409;686;819;996;532;803;125;712;1020;971;427;841;878;1065;817;621;120;414;975;912;908;990;843;830;493;964;726;412;966;558;981;100;660;364;952;757;483;511;877;610;461;607;1043;693;879;410;564;767;832;831;1051;1023;361;1217;1157;453;343;708;468;399;303;759;384;128;761;1219;938;632;700;442;872;560;664;1030;440;743;612;882;694;481;252;900;1025;308;1014;470;715;640;107;475;678;786;1020;602;951;953;376;277;598;461;618;639;973;354;699;424;482;301;165;1219;1009;440;696;651;824;638;737;513;541;905;21;692;502;873;690;338;866;546;794;685;139;799;646;319;425;975;331;973;543;796;242;635;1100;928;829;927;748;637;235;129;810;609;273;631;686;868;823;253;552;315;603;446;731;737;432;227;258;443;390;305;992;737;830;566;826;651;888;135;751;820;584;399;796;688;994;383;588;533;855;932;835;737;155;697;424;648;537;292;610;960;803;500;468;1012;158;275;433;252;903;1127;958;854;158;662;476;539;494;845;682;173;736;801;445;729;668;809;965;931;832;489;899;321;902;663;1062;835;491;894;451;957;870;106
14;691;762;26;305;587;593;649;925;799;696;754;532;777;132;0;885;228;576;588;846;204;882;547;693;915;269;756;639;435;77;323;259;426;54;562;1048;985;872;856;177;855;602;611;435;678;295;370;1028;305;570;434;125;589;463;647;739;804;349;356;738;750;884;565;680;120;600;918;924;326;712;757;996;698;548;114;449;914;801;784;906;837;702;374;855;679;306;838;508;947;143;579;231;878;795;371;561;775;633;357;475;952;652;758;433;447;805;751;882;954;982;309;1150;1096;339;244;647;485;352;291;632;252;153;796;1157;807;541;717;309;755;512;699;978;383;744;500;833;593;429;266;854;991;194;980;338;721;562;53;465;694;702;936;528;904;827;266;153;542;356;668;511;896;417;628;295;459;232;112;1150;944;492;677;574;730;513;634;394;442;839;153;745;416;779;570;320;811;484;784;554;39;673;526;225;351;866;350;920;508;789;116;513;1012;850;853;912;656;535;103;126;818;511;243;676;596;741;796;174;423;368;559;332;604;699;380;244;130;358;284;341;882;605;716;455;773;531;790;151;671;837;627;348;818;717;882;256;513;524;791;816;857;785;42;652;374;517;412;169;493;888;673;485;495;933;48;179;313;218;879;1076;862;727;123;538;475;414;461;737;619;40;742;669;480;698;629;795;882;804;787;361;773;190;830;601;1003;855;516;884;321;855;753;90
15;575;905;906;641;596;543;721;143;498;813;199;624;123;919;885;0;909;569;313;372;702;550;353;860;441;670;325;399;454;817;818;626;787;837;335;413;169;177;45;794;311;872;659;481;460;624;542;318;766;595;545;774;591;589;636;333;241;609;529;559;267;667;503;754;799;608;568;100;630;861;746;304;693;391;806;573;196;621;790;397;200;853;695;621;215;656;898;379;61;1003;403;866;293;480;655;577;520;427;624;878;466;234;731;551;669;473;351;570;538;112;575;393;311;678;679;280;498;532;616;798;903;791;457;369;961;473;369;864;685;373;465;163;504;274;621;109;524;457;673;87;106;745;95;846;308;406;932;450;369;378;397;409;96;848;694;940;356;628;556;788;327;678;329;799;437;654;996;408;243;612;234;391;448;741;531;689;557;229;923;562;526;456;693;581;158;416;193;871;846;779;688;683;552;623;608;140;378;208;823;718;470;321;391;143;445;540;891;794;293;523;650;524;445;822;107;713;803;672;326;679;791;186;506;697;820;565;670;650;646;893;631;624;161;686;497;784;358;344;526;537;371;432;662;786;426;398;227;692;373;536;843;236;510;834;735;783;660;284;871;422;523;355;838;722;725;673;71;239;493;836;1008;737;459;739;426;578;307;874;299;919;557;190;255;170;368;845;117;783;817;901;269;316;233;358;502;162;810;545;676;827
16;566;559;245;268;756;750;482;914;693;507;823;708;790;359;228;909;0;463;596;960;234;766;620;494;827;241;703;580;510;270;138;331;243;207;574;978;974;940;873;130;799;396;463;540;590;436;368;981;161;448;576;203;465;367;505;845;888;301;409;896;715;739;709;505;319;470;799;924;279;514;586;949;539;526;316;604;889;663;605;828;912;505;249;719;694;253;641;537;968;335;536;44;827;935;274;725;664;759;291;262;860;679;592;578;314;943;690;1034;844;990;378;1103;1062;243;239;639;617;415;421;444;27;356;931;1118;598;478;832;101;599;546;838;968;422;835;378;834;494;469;430;858;1012;178;1002;135;820;524;258;564;808;638;861;506;904;638;215;94;553;287;828;324;837;603;602;131;541;302;246;1098;908;664;740;539;642;342;527;266;373;806;380;903;385;685;412;436;801;494;855;345;237;492;373;246;363;731;502;910;562;865;147;350;924;792;971;970;576;441;124;323;915;432;365;829;529;553;840;260;234;550;593;240;417;729;427;416;136;345;239;511;742;395;575;343;770;379;685;350;620;946;780;405;933;848;739;126;489;617;763;661;971;936;221;674;428;317;255;147;356;840;471;574;639;868;221;226;196;345;921;1062;759;534;266;367;586;254;525;610;610;189;839;458;633;742;664;860;812;615;798;188;588;38;787;596;975;965;655;948;142;738;600;300
17;115;361;602;277;756;720;168;518;230;263;582;737;450;683;576;569;463;0;312;786;383;308;456;303;365;311;274;170;412;549;330;396;252;523;311;521;572;675;525;407;359;302;99;483;136;512;270;539;303;26;576;455;27;113;101;677;664;236;357;838;313;314;663;208;569;49;343;543;256;309;243;508;173;223;573;621;476;229;287;371;664;299;215;280;385;271;386;331;616;719;179;421;390;824;206;722;203;658;222;326;397;398;236;582;148;825;254;937;383;613;384;656;629;239;340;303;578;375;488;233;443;589;808;679;420;121;686;377;209;342;744;567;331;636;84;467;46;336;550;493;653;382;646;347;641;189;628;482;666;207;403;217;525;348;309;536;301;221;788;225;390;692;247;331;437;399;660;648;481;696;510;199;183;179;64;197;150;391;699;845;212;224;123;467;421;281;610;304;551;226;123;364;295;291;559;515;391;627;465;156;462;350;803;680;134;58;517;568;713;96;468;770;125;287;547;433;268;647;363;245;223;436;347;559;453;261;293;599;309;324;154;123;408;121;222;579;213;762;734;364;766;733;312;347;211;497;362;260;794;854;538;385;358;271;214;410;113;404;308;466;616;416;533;407;275;473;610;651;296;293;679;170;515;216;397;161;283;543;653;353;635;472;404;603;359;334;453;281;299;476;362;286;553;783;616;674;324;280;203;578
18;371;673;612;327;497;452;480;336;372;576;271;496;194;644;588;313;596;312;0;474;395;457;170;615;416;357;225;179;199;527;508;331;487;537;27;501;396;374;277;483;308;602;411;260;264;370;231;456;454;335;354;471;339;293;404;367;353;296;235;547;187;537;395;519;519;360;490;336;317;621;541;425;474;92;525;397;330;462;586;387;357;611;388;490;97;343;691;87;372;717;134;553;321;519;346;466;373;367;312;583;455;91;529;361;373;520;237;632;494;397;284;574;513;366;369;68;332;244;354;543;589;519;502;575;732;193;379;552;491;89;447;390;205;323;338;245;274;163;420;267;416;435;406;537;330;123;639;241;361;213;410;105;316;648;381;630;46;317;507;504;349;494;92;487;202;356;698;578;366;464;198;113;290;460;303;384;253;264;651;553;214;330;429;319;223;105;301;591;551;539;411;375;243;497;382;331;129;317;515;437;498;307;491;390;236;265;583;514;401;237;372;484;195;597;254;414;503;466;68;367;530;138;212;440;511;252;357;428;521;622;429;328;184;411;365;511;168;450;456;245;454;432;532;473;120;225;214;522;482;555;546;82;219;549;434;473;375;326;619;214;369;390;540;417;413;391;331;487;409;604;712;462;269;438;169;397;52;573;342;660;398;165;92;297;355;638;203;476;604;589;268;34;417;471;360;376;499;438;482;543
19;838;1147;858;717;334;293;954;514;806;1049;216;386;408;824;846;372;960;786;474;0;726;877;353;1088;788;731;628;642;453;769;918;629;930;814;475;784;538;198;397;830;654;1068;885;421;724;550;622;690;860;809;414;773;813;751;878;116;139;706;555;224;566;980;293;993;731;834;902;472;718;1095;1012;675;947;563;738;410;563;917;1057;746;171;1085;820;932;418;739;1163;470;399;923;608;924;644;124;774;336;818;214;730;1028;819;393;999;416;826;114;651;198;884;465;582;758;676;783;725;498;361;546;557;1015;964;707;102;728;1206;665;129;953;958;459;172;532;551;150;803;450;748;510;582;441;419;781;411;949;148;597;879;395;153;654;753;572;467;1119;761;954;488;735;257;963;680;490;551;888;421;658;952;775;612;401;276;587;735;922;774;823;703;572;819;224;642;761;900;532;487;525;198;1051;807;1013;878;714;615;937;498;511;421;179;832;901;833;661;19;248;700;737;894;725;82;705;610;228;668;1071;295;708;943;514;426;780;1000;367;542;606;836;648;741;519;961;1087;898;784;462;879;802;705;616;27;261;558;28;141;975;858;582;343;547;982;11;182;813;407;537;1006;876;814;838;638;1090;386;356;714;808;736;821;634;302;590;820;1078;957;928;376;880;444;858;509;853;133;1129;380;324;382;217;714;1110;415;900;1077;938;606;502;604;17;334;216;909;865;949;763
20;499;628;229;106;535;523;483;729;599;547;596;492;588;299;204;702;234;383;395;726;0;685;390;556;712;73;552;435;278;166;227;97;297;149;370;844;790;714;670;104;651;481;434;306;476;216;169;826;177;382;348;79;400;270;465;611;658;149;180;669;548;697;480;519;188;414;721;732;128;573;589;793;524;347;190;381;715;612;622;702;684;562;208;664;490;113;692;323;763;345;375;200;675;703;188;503;578;526;161;378;749;468;588;351;273;710;546;804;754;793;144;948;896;161;43;450;386;184;196;485;240;213;697;956;680;338;598;246;577;329;605;783;199;603;315;640;395;247;225;663;807;56;797;255;586;358;257;330;573;498;732;326;712;672;85;240;349;162;602;373;692;401;427;191;308;69;306;947;743;447;514;371;528;360;438;226;242;638;315;676;212;577;401;205;615;290;627;440;172;518;357;21;152;675;282;725;336;636;120;353;809;646;737;748;453;337;188;188;683;310;144;600;393;590;623;54;302;346;377;154;458;517;200;220;118;154;93;302;693;491;532;268;579;362;590;203;467;712;552;174;699;614;695;150;310;383;590;635;737;706;162;466;199;396;263;88;318;685;542;341;410;729;157;24;159;131;705;881;661;580;322;382;352;266;296;545;421;180;606;552;408;524;449;635;678;651;598;238;617;213;628;404;803;731;424;724;220;658;574;194
21;199;440;909;579;955;909;324;432;90;378;661;951;471;984;882;550;766;308;457;877;685;0;628;428;128;614;249;290;635;850;629;679;536;828;475;280;461;711;508;715;239;495;310;705;217;776;545;348;609;319;802;759;301;419;267;792;739;535;616;996;311;123;853;331;865;295;36;474;557;418;273;328;265;411;869;846;372;126;303;167;718;416;522;88;468;576;396;525;569;1025;356;726;261;952;514;924;107;819;525;581;134;503;258;809;452;950;229;1061;81;533;655;437;445;547;642;403;787;633;754;404;744;881;932;474;482;358;814;674;217;533;894;460;584;735;390;444;289;569;821;463;590;689;587;641;755;377;935;692;800;244;186;421;466;345;616;843;478;526;962;478;233;936;365;635;648;689;969;420;344;917;618;374;173;440;248;503;443;320;998;1002;487;128;365;726;398;497;679;525;855;359;396;664;571;83;809;432;581;698;773;425;192;228;896;691;245;347;825;863;795;375;746;937;309;360;586;730;550;898;526;553;417;515;599;834;761;545;598;854;101;515;204;432;416;391;98;871;289;850;913;625;865;873;118;654;427;682;332;183;883;996;843;489;611;513;511;717;409;274;451;667;824;225;838;709;583;756;615;507;57;383;987;419;722;512;610;157;406;850;759;506;851;558;525;662;187;353;466;579;337;782;281;423;409;868;817;702;624;27;209;877
22;532;814;566;366;327;281;623;434;542;717;207;329;271;568;547;353;620;456;170;353;390;628;0;751;581;383;391;347;113;475;566;299;577;504;156;647;489;326;335;493;462;721;554;128;431;272;269;586;508;476;204;450;484;404;555;237;268;353;211;383;343;706;224;664;451;505;660;417;365;760;696;558;627;238;458;241;449;630;741;548;293;749;466;660;193;387;842;125;414;656;293;581;470;369;421;296;543;202;377;675;619;152;686;210;476;372;405;482;662;461;247;695;623;430;381;229;169;206;265;676;621;440;356;686;874;335;236;603;651;113;287;482;200;216;459;336;426;157;319;349;457;443;447;597;206;276;591;97;214;384;569;240;399;802;413;628;159;382;338;614;502;344;263;537;88;329;659;703;493;300;129;271;461;575;461;470;354;403;570;389;290;500;561;231;337;178;238;701;507;680;534;375;264;667;256;429;69;246;505;554;657;464;367;365;403;402;572;445;297;367;305;317;354;744;254;385;590;327;102;427;658;181;193;344;507;295;392;299;691;739;589;435;295;536;536;434;339;334;287;216;328;277;702;510;245;57;357;687;363;397;508;162;192;655;523;478;492;472;750;69;204;543;502;404;469;329;335;576;579;747;669;583;113;527;95;562;221;543;223;785;235;163;123;248;515;790;283;547;755;603;418;204;529;355;192;337;557;609;643;480
23;290;71;717;472;1029;999;139;787;409;51;885;1001;746;822;693;860;494;303;615;1088;556;428;751;0;545;490;542;464;689;700;371;612;268;650;613;706;833;977;815;519;601;101;205;756;400;745;520;759;392;279;840;600;277;352;223;978;968;450;611;1126;594;337;944;108;736;257;447;819;456;19;156;733;175;525;737;883;736;302;143;571;967;14;349;346;687;454;146;626;901;822;483;471;632;1120;381;995;376;950;424;235;560;702;171;845;298;1123;517;1233;506;888;622;860;856;398;518;604;853;629;721;76;467;766;1106;894;126;422;985;394;212;637;1036;830;594;938;294;753;344;613;770;778;934;524;929;361;943;492;737;761;964;482;599;516;804;151;470;588;601;420;1071;184;619;936;548;398;717;602;738;846;727;958;813;503;422;198;329;333;404;657;842;1133;474;434;190;710;705;572;913;151;684;81;221;545;540;355;803;785;683;930;579;210;620;590;1105;979;414;351;601;737;1016;384;684;1057;426;76;847;610;270;884;663;405;99;739;609;771;564;500;469;836;351;112;244;327;699;218;405;757;503;1065;1017;616;1068;1029;339;439;508;785;639;253;1097;1146;667;689;619;177;293;532;266;647;27;750;888;629;665;573;398;679;907;900;458;51;759;179;794;290;680;303;586;653;955;78;902;775;707;906;576;128;747;333;112;525;621;589;799;1086;892;975;372;409;220;732
24;280;563;941;610;905;857;427;313;143;494;576;910;380;1004;915;441;827;365;416;788;712;128;581;545;0;646;190;281;610;873;696;689;613;860;439;163;336;611;403;759;134;601;398;675;239;768;556;220;666;383;770;790;367;463;356;713;649;566;612;928;239;251;802;441;881;369;133;357;589;537;394;199;373;395;886;813;253;245;427;44;622;533;578;216;400;611;523;496;453;1057;347;785;147;874;560;876;177;757;561;672;39;440;378;778;514;871;181;979;96;412;656;315;317;593;671;352;747;627;748;511;809;892;853;350;607;373;739;742;333;502;826;336;579;654;450;341;333;554;815;357;470;726;468;712;678;368;968;657;728;220;57;410;351;472;654;896;447;563;901;567;114;909;329;696;617;703;1010;302;220;879;546;360;186;525;300;561;474;217;1017;933;502;141;451;717;300;480;590;625;884;470;474;690;580;212;791;314;545;609;812;506;97;127;808;585;259;388;870;878;705;405;750;874;319;481;493;752;628;878;483;599;519;440;592;832;802;561;633;837;229;622;306;484;328;470;150;882;261;760;855;622;780;801;246;708;421;638;243;308;793;922;874;426;603;606;579;758;477;158;565;630;784;98;869;737;635;763;510;379;86;503;1028;507;685;581;581;249;364;887;679;620;813;482;466;571;74;479;373;646;461;838;182;384;281;778;773;599;689;139;325;898
25;426;561;296;36;572;554;411;684;529;478;583;534;552;372;269;670;241;311;357;731;73;614;383;490;646;0;493;373;278;238;190;129;239;215;334;782;745;700;635;126;592;420;361;321;408;262;127;770;133;308;381;145;326;197;391;615;650;80;176;696;495;624;506;448;261;340;650;690;56;506;516;737;451;296;264;418;665;539;550;638;672;495;140;591;455;40;622;296;730;412;317;200;617;720;115;539;507;542;88;328;683;438;515;384;201;727;485;826;684;754;158;892;844;91;30;405;410;186;239;417;239;286;713;903;615;273;606;221;503;304;625;738;183;599;241;599;324;229;281;623;773;82;764;221;587;302;323;340;582;435;669;276;670;601;30;273;313;89;632;310;632;452;375;158;310;113;365;890;690;489;500;316;461;292;366;157;172;585;388;704;155;509;329;238;570;254;615;383;241;448;286;57;122;602;326;680;322;625;169;283;743;586;744;729;387;266;232;261;681;241;195;626;328;520;599;126;247;399;351;85;391;488;190;281;161;105;20;352;619;432;458;195;537;290;520;276;408;715;580;174;705;629;621;127;259;388;539;562;742;730;229;434;193;337;199;118;245;628;477;345;439;668;224;96;103;189;680;835;592;511;382;313;367;202;289;472;376;241;606;491;443;500;422;620;616;581;561;187;546;231;572;361;753;735;450;707;182;587;500;268
26;252;582;782;457;717;669;404;246;179;493;411;720;227;834;756;325;703;274;225;628;552;249;391;542;190;493;0;123;421;707;583;515;521;702;249;292;298;471;280;615;99;567;349;485;144;583;387;278;543;300;580;632;290;338;320;542;491;415;432;748;63;353;614;434;709;303;277;277;439;541;420;246;370;214;715;623;201;297;464;162;473;533;457;305;219;464;572;307;360;895;177;659;124;702;428;687;196;573;417;600;229;256;406;587;407;700;25;811;272;346;478;400;361;460;515;162;557;446;564;486;688;717;682;415;637;225;564;631;360;312;646;294;399;485;347;216;229;369;632;240;392;576;387;605;505;195;809;467;550;67;189;232;261;522;507;760;258;420;717;500;139;719;141;575;427;534;858;397;208;689;369;183;123;453;222;444;331;118;845;754;340;135;392;532;167;296;431;576;723;460;398;531;409;309;603;244;355;450;662;431;275;93;648;459;140;268;725;706;547;270;571;691;174;498;342;586;538;689;293;464;484;265;410;650;654;398;484;649;333;589;306;367;174;395;176;707;85;601;670;442;616;624;348;578;246;448;98;367;634;746;714;241;421;545;477;611;383;136;555;440;594;177;709;577;506;587;383;376;195;513;874;443;494;480;392;253;174;732;509;607;623;308;279;416;132;520;225;538;491;707;87;194;280;620;583;463;576;237;350;728
27;195;515;665;337;670;627;325;353;200;419;430;664;282;724;639;399;580;170;179;642;435;290;347;464;281;373;123;0;345;594;461;407;405;585;191;409;409;514;355;493;221;472;261;415;85;491;275;401;420;196;512;514;192;216;242;541;513;294;332;726;146;359;570;361;600;209;325;375;318;467;369;369;307;121;605;557;316;283;415;267;506;458;335;312;227;342;522;236;446;779;67;535;247;696;305;638;196;546;294;489;320;249;357;519;288;696;112;809;340;445;375;523;483;337;396;145;499;349;470;399;565;610;679;538;573;102;556;509;316;245;627;404;300;493;232;297;124;280;537;323;483;455;476;484;504;88;692;403;539;62;297;132;357;477;385;637;191;297;685;393;260;646;91;452;359;422;738;520;329;628;367;84;117;346;136;323;208;231;735;733;223;163;293;440;252;207;456;474;607;384;291;413;299;320;520;349;294;474;542;323;376;214;661;515;57;150;604;597;565;148;469;663;52;434;384;472;421;609;244;340;392;280;313;553;533;282;362;566;344;494;255;247;238;289;192;601;44;617;634;342;625;610;354;454;141;398;195;344;650;734;597;235;325;439;358;490;269;260;473;380;537;294;592;460;383;482;443;492;248;445;755;339;434;361;320;218;134;613;513;520;563;319;263;446;243;469;284;417;436;584;208;146;399;637;530;511;454;267;307;617
28;506;756;454;265;344;310;572;517;545;660;321;326;357;465;435;454;510;412;199;453;278;635;113;689;610;278;421;345;0;364;465;185;488;391;173;700;575;440;431;381;507;647;504;71;423;175;177;653;408;428;168;336;439;337;513;337;380;261;101;439;386;695;254;613;344;460;670;507;268;700;656;622;585;224;351;213;521;613;699;584;407;689;377;651;265;287;795;114;516;548;280;472;520;448;332;309;539;270;286;586;649;229;648;175;399;453;428;557;681;558;134;768;702;335;272;267;166;94;163;613;512;337;439;764;815;300;328;499;619;109;356;568;101;325;395;419;392;76;225;436;560;331;550;496;310;259;480;72;304;395;608;216;487;759;307;515;162;291;382;536;548;301;280;435;32;215;547;773;560;287;242;261;462;502;432;383;285;461;469;446;215;508;501;128;410;139;352;621;395;625;468;263;165;660;182;512;79;359;392;483;696;506;466;478;393;354;458;339;405;317;196;369;334;693;361;272;500;268;143;332;592;272;89;248;393;202;288;228;683;663;559;363;368;470;537;330;351;437;328;105;427;356;691;405;213;110;412;663;464;465;395;234;84;575;436;366;423;525;685;68;203;589;390;291;370;219;443;664;592;693;558;513;104;441;31;543;248;430;329;714;223;265;203;362;553;744;369;452;709;491;468;227;606;457;204;450;457;612;612;372
