PARÂMETROS
100;10;8;15
COORDENADAS
0;655;880
1;710;259
2;867;32
3;300;824
4;732;299
5;539;169
6;527;78
7;663;7
8;551;335
9;334;363
10;686;40
11;366;143
12;512;665
13;525;346
14;738;291
15;659;705
16;590;798
17;376;668
18;726;368
19;266;274
20;919;956
21;100;400
22;849;864
23;146;867
24;744;942
25;837;535
26;29;2
27;868;318
28;642;282
29;853;991
30;362;651
31;625;510
32;837;742
33;404;918
34;625;417
35;739;493
36;270;173
37;531;426
38;955;176
39;114;1000
40;491;954
41;405;156
42;674;977
43;842;169
44;920;677
45;45;304
46;647;347
47;191;488
48;436;947
49;360;440
50;21;50
51;115;0
52;311;132
53;664;807
54;29;363
55;150;134
56;857;437
57;850;623
58;913;749
59;73;271
60;763;103
61;417;835
62;45;854
63;335;687
64;103;547
65;109;370
66;697;772
67;207;830
68;720;763
69;241;235
70;19;867
71;466;514
72;440;603
73;890;843
74;400;948
75;656;756
76;265;920
77;793;548
78;613;948
79;672;580
80;392;837
81;332;403
82;309;316
83;102;303
84;450;764
85;489;891
86;331;438
87;78;230
88;101;11
89;202;928
90;621;25
91;352;286
92;614;625
93;520;512
94;747;305
95;16;767
96;587;791
97;910;541
98;985;34
99;559;775
DISTÂNCIAS
DE/PARA;0;1;2;3;4;5;6;7;8;9;10;11;12;13;14;15;16;17;18;19;20;21;22;23;24;25;26;27;28;29;30;31;32;33;34;35;36;37;38;39;40;41;42;43;44;45;46;47;48;49;50;51;52;53;54;55;56;57;58;59;60;61;62;63;64;65;66;67;68;69;70;71;72;73;74;75;76;77;78;79;80;81;82;83;84;85;86;87;88;89;90;91;92;93;94;95;96;97;98;99
0;0;623;874;359;586;720;812;873;554;608;840;791;258;549;594;175;104;350;516;720;274;733;194;509;108;390;1078;601;598;226;371;371;228;253;463;396;805;470;765;554;179;765;98;735;333;838;533;607;229;529;1044;1032;823;73;811;900;486;322;289;842;784;242;610;373;644;747;115;450;133;766;636;411;350;237;263;124;392;359;79;300;266;576;661;799;235;166;548;869;1030;455;855;666;258;391;582;648;112;424;908;142
1;623;0;276;698;45;193;257;256;176;390;220;363;451;204;42;448;552;528;110;444;727;626;620;829;683;303;727;168;71;745;524;265;499;726;179;235;448;244;258;950;728;321;718;159;467;666;108;567;740;394;720;648;418;549;688;573;230;389;530;637;164;646;892;569;671;611;513;760;504;469;920;352;437;611;755;499;796;300;695;323;659;404;405;609;568;669;419;632;657;840;250;359;378;316;59;860;546;345;355;537
2;874;276;0;974;299;355;343;205;437;627;181;513;725;464;289;704;814;803;364;647;925;850;832;1103;918;503;838;286;336;959;798;535;710;999;454;478;613;517;168;1226;995;478;964;139;647;865;384;815;1011;650;846;752;564;801;901;724;405;591;718;829;125;920;1162;843;921;829;759;1035;745;658;1190;626;713;811;1028;754;1072;521;950;581;934;651;626;811;842;938;672;813;766;1115;246;574;644;592;298;1124;809;510;118;804
3;359;698;974;0;679;697;779;894;549;462;873;684;265;528;689;378;291;173;624;551;632;468;550;159;459;609;865;760;640;577;183;451;543;140;520;549;651;460;921;256;231;676;404;850;637;579;589;353;183;388;822;844;692;364;534;706;678;585;617;597;856;117;256;141;339;492;400;93;424;591;284;351;261;590;159;362;102;565;336;444;92;422;508;557;161;200;387;634;837;142;861;540;371;381;684;289;288;672;1045;263
4;586;45;299;679;0;232;301;300;184;403;263;397;427;212;10;412;518;512;69;466;683;640;576;816;643;258;763;137;91;702;510;236;455;700;159;194;478;237;254;934;697;356;680;170;422;687;97;573;712;397;753;685;452;512;705;604;186;344;485;659;198;621;883;555;676;627;474;746;464;495;911;342;421;566;728;463;777;256;659;287;636;413;423;630;543;639;424;657;693;822;295;380;346;300;16;855;512;300;366;506
5;720;193;355;697;232;0;91;204;166;282;195;174;496;177;233;549;631;524;273;292;873;496;761;801;799;471;536;361;152;879;513;351;645;761;262;380;269;257;416;933;786;134;819;303;635;512;208;472;784;324;531;456;230;650;545;390;415;550;690;477;233;677;844;556;577;474;623;739;620;305;870;352;445;759;791;598;799;456;782;431;683;312;272;457;601;723;340;465;465;830;165;220;462;343;248;794;623;525;465;606
6;812;257;343;779;301;91;0;153;258;344;163;173;587;268;299;640;722;609;351;326;961;534;849;876;890;552;503;416;234;969;596;442;732;848;352;466;273;348;439;1010;876;144;910;327;716;532;294;530;873;398;506;419;222;741;573;381;487;633;774;493;237;764;913;638;632;509;714;817;711;326;938;440;532;846;879;690;881;540;874;522;770;379;322;480;690;813;409;474;431;910;107;271;553;434;316;857;715;600;460;697
7;873;256;205;894;300;204;153;0;346;484;40;326;675;366;293;698;794;720;366;478;982;686;876;1003;938;555;634;372;275;1002;710;504;755;947;411;491;426;439;337;1134;962;297;970;241;717;685;340;673;967;528;643;548;373;800;727;528;471;643;782;646;138;863;1048;754;777;662;765;940;758;479;1074;543;636;866;977;749;995;556;942;573;873;516;469;634;786;900;544;626;562;1029;45;417;619;524;309;998;787;588;323;775
8;554;176;437;549;184;166;258;346;0;218;324;266;332;28;192;385;464;376;178;291;721;455;607;668;636;348;619;317;105;722;368;190;497;601;110;245;324;93;434;795;621;230;653;335;503;506;96;391;622;217;601;549;314;485;522;448;322;415;549;482;314;517;724;412;495;443;460;602;460;325;752;198;290;610;631;433;651;322;616;273;526;229;242;450;440;559;242;484;554;688;317;204;296;179;198;687;457;413;528;440
9;608;390;627;462;403;282;344;484;218;0;477;222;350;191;410;471;504;307;392;112;832;236;718;537;709;531;472;535;318;814;289;326;629;559;295;425;200;206;648;673;611;218;701;543;664;294;313;189;592;81;442;423;232;553;305;293;528;577;695;276;501;479;569;324;295;225;546;483;555;158;594;200;262;734;588;508;561;494;648;401;477;40;53;239;417;550;75;288;422;580;443;79;383;238;417;514;497;602;729;469
10;840;220;181;873;263;195;163;40;324;477;0;336;648;345;256;665;764;700;330;480;945;687;839;987;903;517;658;332;245;965;691;473;718;922;381;456;436;415;301;1117;934;304;937;202;678;693;309;667;940;516;665;572;386;767;732;544;432;605;744;655;99;839;1036;736;772;664;732;923;723;485;1062;522;614;828;951;716;975;519;910;540;849;507;467;640;761;873;533;636;585;1011;66;414;589;500;271;988;757;548;299;745
11;791;363;513;684;397;174;173;326;266;222;336;0;542;257;400;633;692;525;424;164;983;369;867;756;883;612;365;531;309;977;508;449;761;775;377;511;100;327;589;893;820;41;889;476;769;359;347;386;807;297;357;288;56;727;402;216;572;681;816;319;399;693;780;544;482;342;710;705;713;155;802;384;465;874;805;678;783;588;842;533;694;262;182;308;626;758;297;300;296;801;280;143;542;399;414;715;684;674;628;660
12;258;451;725;265;427;496;587;675;332;350;648;542;0;319;436;152;154;136;366;461;500;489;391;418;361;350;820;497;404;471;150;191;333;275;272;284;548;239;659;520;289;520;351;595;408;590;345;366;292;271;786;774;569;208;569;642;413;340;409;589;615;194;503;178;425;499;213;346;229;508;532;157;95;417;304;170;355;304;300;181;209;317;403;546;116;227;290;614;772;406;649;411;109;153;429;506;146;416;788;119
13;549;204;464;528;212;177;268;366;28;191;345;257;319;0;219;383;456;354;202;268;726;428;610;644;634;364;603;344;133;723;345;192;504;584;122;259;308;80;462;772;608;224;648;363;515;481;122;362;607;189;584;536;302;481;496;430;344;427;559;458;340;500;698;390;467;416;459;579;460;304;726;178;270;616;614;430;630;335;608;276;508;201;218;425;424;546;214;461;540;665;335;183;292;166;225;660;449;431;555;430
14;594;42;289;689;10;233;299;293;192;410;256;400;436;219;0;421;528;522;77;472;689;647;583;825;651;263;765;132;96;709;520;246;461;710;169;202;482;247;245;944;707;359;688;160;426;693;106;581;722;406;756;687;455;521;712;608;188;350;490;665;189;631;892;565;684;633;482;756;472;500;921;351;431;572;738;472;787;262;668;296;646;421;429;636;553;649;432;662;695;832;290;386;356;310;16;864;522;303;356;516
15;175;448;704;378;412;549;640;698;385;471;665;633;152;383;421;0;115;285;343;583;361;636;247;537;251;246;943;439;423;345;301;197;181;332;290;226;659;306;606;619;300;604;272;566;262;733;358;515;329;399;914;890;670;102;716;764;333;207;257;729;610;274;631;324;578;643;77;468;84;628;660;271;241;269;355;51;448;206;247;125;297;445;523;686;217;251;422;750;890;508;681;519;91;237;409;645;112;299;746;122
16;104;552;814;291;518;631;722;794;464;504;764;692;154;456;528;115;0;250;450;616;364;631;267;449;210;360;973;554;518;326;271;290;253;221;382;339;702;376;721;517;184;668;197;677;351;735;454;505;214;425;939;928;722;74;709;796;449;313;326;738;716;176;547;278;547;643;110;384;134;662;575;309;246;303;242;78;347;322;151;232;201;471;557;695;144;137;443;764;926;409;773;564;174;294;517;574;7;410;860;38
17;350;528;803;173;512;524;609;720;376;307;700;525;136;354;522;285;250;0;460;409;614;384;512;304;458;479;750;603;468;576;22;294;466;251;353;402;506;287;759;422;308;512;429;682;544;491;420;258;285;228;712;717;539;319;461;579;533;476;543;499;684;171;379;45;298;400;337;234;356;453;408;178;91;542;281;293;275;433;366;308;169;268;358;456;121;249;234;529;712;312;688;382;241;212;519;373;244;548;879;211
18;516;110;364;624;69;273;351;366;178;392;330;424;366;202;77;343;450;460;0;469;618;626;511;765;574;200;787;150;120;635;461;174;390;637;112;125;495;203;298;879;631;384;611;230;364;684;81;548;647;373;773;713;477;443;697;621;148;283;424;660;267;559;836;504;648;617;405;694;395;502;865;298;370;502;665;394;719;192;590;218;575;395;420;627;482;574;401;662;719;766;358;382;280;251;66;814;445;252;422;439
19;720;444;647;551;466;292;326;478;291;112;480;164;461;268;472;583;616;409;469;0;944;208;829;605;821;627;360;603;376;926;389;429;738;658;386;521;101;305;695;741;716;182;812;585;768;223;387;226;694;190;331;312;148;665;253;181;613;680;802;193;525;580;620;418;317;184;658;559;667;46;642;312;372;844;687;620;646;593;758;508;576;144;60;166;523;656;176;193;310;657;433;86;494;348;481;552;608;697;757;580
20;274;727;925;632;683;873;961;982;721;832;945;983;500;726;689;361;364;614;618;944;0;989;115;778;175;428;1304;640;728;74;635;534;229;516;613;496;1017;656;780;806;428;950;245;790;279;1090;666;865;483;760;1275;1249;1024;295;1069;1125;522;340;207;1088;867;516;879;642;912;999;288;723;277;989;904;632;595;116;519;330;654;427;306;449;540;806;884;1045;506;434;783;1111;1249;717;977;877;450;596;673;922;370;415;924;402
21;733;626;850;468;640;496;534;686;455;236;687;369;489;428;647;636;631;384;626;208;989;0;881;469;841;749;404;772;554;957;362;536;812;600;525;645;283;431;883;600;678;390;813;777;865;110;549;126;641;263;358;400;341;695;80;270;757;782;884;131;726;538;457;370;147;31;703;443;718;217;473;383;395;905;624;660;545;708;750;599;525;232;225;97;504;626;234;171;389;537;641;276;561;434;653;376;624;822;957;592
22;194;620;832;550;576;761;849;876;607;718;839;867;391;610;583;247;267;512;511;829;115;881;0;703;130;329;1189;546;617;127;531;418;122;448;499;386;901;541;696;747;369;835;208;695;200;979;555;757;421;647;1161;1133;908;193;960;1010;427;241;131;976;765;432;804;543;810;889;177;642;163;874;830;518;485;46;456;221;586;320;250;334;457;692;769;934;411;361;670;998;1134;650;869;762;335;481;568;838;271;328;841;303
23;509;829;1103;159;816;801;876;1003;668;537;987;756;418;644;825;537;449;304;765;605;778;469;703;0;602;766;872;907;766;717;305;597;702;262;657;701;704;585;1063;136;355;756;539;985;796;571;722;381;300;477;826;867;753;521;517;733;830;745;776;600;982;272;101;261;322;498;559;71;583;639;127;476;395;744;266;521;130;721;473;599;247;499;574;565;320;343;467;640;857;82;966;616;526;515;822;164;447;830;1182;423
24;108;683;918;459;643;799;890;938;636;709;903;883;361;634;651;251;210;458;574;821;175;841;130;602;0;417;1181;636;667;119;480;448;220;340;538;449;903;558;794;632;253;855;78;779;318;946;602;715;308;632;1148;1132;918;156;920;1002;517;336;256;948;839;344;704;481;752;854;176;548;180;867;728;510;455;176;344;205;479;397;131;369;367;678;762;905;343;260;651;974;1131;542;925;764;342;484;637;748;217;434;939;249
25;390;303;503;609;258;471;552;555;348;531;517;612;350;364;263;246;360;479;200;627;428;749;329;766;417;0;967;219;319;456;488;213;207;578;242;106;672;324;377;859;543;574;471;366;164;825;267;647;574;486;949;898;662;322;826;795;100;88;227;808;438;516;853;524;734;746;275;695;256;667;882;371;402;312;601;285;689;45;469;171;537;521;571;770;449;497;515;817;903;746;553;545;240;317;246;853;357;73;522;367
26;1078;727;838;865;763;536;503;634;619;472;658;365;820;603;765;943;973;750;787;360;1304;404;1189;872;1181;967;0;896;673;1287;729;783;1095;989;726;863;295;657;942;1001;1058;406;1169;829;1117;302;707;512;1028;549;48;86;310;1025;361;179;935;1029;1157;272;740;918;852;750;550;376;1019;846;1027;315;865;673;728;1203;1016;980;947;939;1111;864;910;502;420;309;870;1000;530;233;72;942;592;430;854;707;779;765;966;1032;956;937
27;601;168;286;760;137;361;416;372;317;535;332;531;497;344;132;439;554;603;150;603;640;772;546;907;636;219;896;0;228;673;605;309;425;758;262;217;615;353;166;1016;739;490;686;151;362;823;222;698;763;522;888;817;587;529;840;741;119;305;433;796;239;686;982;648;798;760;485;836;468;632;1011;447;514;525;784;486;852;241;679;327;704;542;559;766;611;687;550;794;826;903;383;516;398;398;121;963;550;226;307;551
28;598;71;336;640;91;152;234;275;105;318;245;309;404;133;96;423;518;468;120;376;728;554;617;766;667;319;673;228;0;739;463;228;499;679;136;232;387;181;330;891;688;268;695;229;483;597;65;495;696;323;662;597;363;525;618;513;265;399;539;569;216;597;826;508;600;540;493;699;487;403;854;291;379;613;708;474;741;305;666;299;608;332;334;540;518;627;347;566;605;781;257;290;344;260;107;791;511;372;423;499
29;226;745;959;577;702;879;969;1002;722;814;965;977;471;723;709;345;326;576;635;926;74;957;127;717;119;456;1287;673;739;0;597;532;249;454;617;510;1004;650;821;739;363;947;179;822;321;1060;676;831;419;739;1256;1235;1015;263;1036;1108;554;368;249;1061;892;463;819;600;871;969;268;665;263;972;843;614;566;152;455;306;592;447;243;449;486;785;866;1018;462;377;760;1086;1235;654;993;864;437;583;694;866;332;453;966;364
30;371;524;798;183;510;513;596;710;368;289;691;508;150;345;520;301;271;22;461;389;635;362;531;305;480;488;729;605;463;597;0;298;483;270;352;408;486;281;759;428;329;496;451;680;558;469;416;236;305;211;691;696;521;339;440;558;539;488;559;477;679;192;376;45;279;378;356;236;375;433;405;172;91;561;299;312;285;443;388;318;188;249;339;434;143;271;215;507;691;319;677;365;253;210;517;364;265;558;876;232
31;371;265;535;451;236;351;442;504;190;326;473;449;191;192;246;197;290;294;174;429;534;536;418;597;448;213;783;309;228;532;298;0;314;464;93;115;489;126;469;707;463;416;469;404;338;615;164;434;476;274;759;721;491;299;613;605;243;251;374;601;429;385;674;339;523;534;271;526;270;472;703;159;207;425;492;247;545;172;438;84;401;311;370;562;308;404;302;614;723;594;485;353;115;105;238;661;283;286;596;273
32;228;499;710;543;455;645;732;755;497;629;718;761;333;504;461;181;253;466;390;738;229;812;122;702;220;207;1095;425;499;249;483;314;0;467;388;267;803;439;578;767;405;728;285;573;105;905;438;694;450;564;1069;1035;805;184;892;917;305;119;76;897;643;430;799;505;759;817;143;636;118;782;827;435;420;114;483;181;599;198;304;231;455;608;678;856;387;378;590;915;1037;661;748;665;251;391;446;821;254;213;723;279
33;253;726;999;140;700;761;848;947;601;559;922;775;275;584;710;332;221;251;637;658;516;600;448;262;340;578;989;758;679;454;270;464;467;0;547;541;756;508;924;301;94;762;276;867;569;711;620;479;43;480;948;962;791;282;669;824;660;534;536;726;890;84;364;241;477;622;327;215;351;702;388;408;317;491;30;299;139;536;211;431;81;520;609;685;160;89;485;761;956;202;918;634;360;422;702;416;222;631;1057;210
34;463;179;454;520;159;262;352;411;110;295;381;377;272;122;169;290;382;353;112;386;613;525;499;657;538;242;726;262;136;617;352;93;388;547;0;137;430;94;408;775;553;341;562;329;393;590;73;439;562;265;706;658;424;391;598;552;232;305;439;570;342;466;726;396;537;518;362;587;358;424;754;186;262;501;576;340;618;213;531;169;480;293;331;535;388;493;294;578;662;663;392;302;208;141;165;702;375;310;525;364
35;396;235;478;549;194;380;466;491;245;425;456;511;284;259;202;226;339;402;125;521;496;645;386;701;449;106;863;217;232;510;408;115;267;541;137;0;567;218;383;804;523;474;488;339;258;719;172;548;545;382;843;795;559;322;721;689;130;170;309;702;390;469;782;448;638;641;282;629;270;560;811;273;318;381;567;275;637;77;472;109;488;416;465;664;396;470;411;711;799;691;482;438;181;219;188;773;334;177;520;334
36;805;448;613;651;478;269;273;426;324;200;436;100;548;308;482;659;702;506;495;101;1017;283;901;704;903;672;295;615;387;1004;486;489;803;756;430;567;0;363;685;841;811;136;899;572;822;260;415;324;791;281;277;232;57;746;306;126;643;734;863;220;497;678;717;518;409;254;735;660;742;68;737;393;462;912;785;699;747;643;847;572;675;238;148;212;617;750;271;200;234;758;380;139;568;421;494;646;694;738;728;667
37;470;244;517;460;237;257;348;439;93;206;415;327;239;80;247;306;376;287;203;305;656;431;541;585;558;324;657;353;181;650;281;126;439;508;94;218;363;0;492;709;529;297;569;403;462;501;140;345;529;171;633;595;367;403;505;480;326;374;500;483;397;424;647;326;444;425;383;517;386;347;675;109;199;550;538;352;561;289;528;208;433;200;247;446;347;466;200;493;597;600;410;227;215;86;247;617;369;396;599;350
38;765;258;168;921;254;416;439;337;434;648;301;589;659;462;245;606;721;759;298;695;780;883;696;1063;794;377;942;166;330;821;759;469;578;924;408;383;685;492;0;1177;905;550;848;113;502;918;352;825;929;650;942;858;645;694;944;806;278;459;574;887;205;850;1134;803;929;867;649;993;632;716;1163;594;668;670;950;652;1014;405;844;493;868;663;660;862;775;853;676;878;869;1064;366;612;563;549;244;1109;716;367;145;718
39;554;950;1226;256;934;933;1010;1134;795;673;1117;893;520;772;944;619;517;422;879;741;806;600;747;136;632;859;1001;1016;891;739;428;707;767;301;775;804;841;709;1177;0;379;892;560;1104;868;699;842;517;326;611;954;1000;890;582;642;866;932;826;837;730;1107;345;161;383;453;630;625;193;650;775;163;600;513;791;290;594;170;815;501;698;322;635;711;697;410;390;602;770;989;113;1098;752;625;634;940;252;517;918;1300;498
40;179;728;995;231;697;786;876;962;621;611;934;820;289;608;707;300;184;308;631;716;428;678;369;355;253;543;1058;739;688;363;329;463;405;94;553;523;811;529;905;379;0;802;184;859;510;788;626;554;55;530;1018;1025;841;227;750;888;633;488;469;800;893;140;457;309;562;697;274;309;298;761;479;440;354;414;91;257;228;506;122;415;153;573;663;758;194;63;540;833;1020;290;938;682;351;442;697;510;189;588;1044;191
41;765;321;478;676;356;134;144;297;230;218;304;41;520;224;359;604;668;512;384;182;950;390;835;756;855;574;406;490;268;947;496;416;728;762;341;474;136;297;550;892;802;0;863;437;732;389;308;394;791;287;398;329;97;700;429;255;532;645;780;351;361;679;785;535;494;365;681;702;683;182;809;363;448;840;792;650;776;551;818;501;681;257;186;336;609;739;291;335;336;798;252;140;513;374;373;724;660;635;592;637
42;98;718;964;404;680;819;910;970;653;701;937;889;351;648;688;272;197;429;611;812;245;813;208;539;78;471;1169;686;695;179;451;469;285;276;562;488;899;569;848;560;184;863;0;825;387;921;630;687;239;622;1133;1125;919;170;890;992;570;395;330;927;878;293;640;446;714;829;206;489;218;859;664;507;441;254;275;221;412;445;67;397;314;668;755;884;309;204;638;955;1123;474;953;762;357;489;675;690;205;495;992;232
43;735;159;139;850;170;303;327;241;335;543;202;476;595;363;160;566;677;682;230;585;790;777;695;985;779;366;829;151;229;822;680;404;573;867;329;339;572;403;113;1104;859;437;825;0;513;808;264;724;877;552;829;746;532;662;835;692;268;454;584;775;102;790;1050;724;830;760;620;916;606;604;1079;510;591;675;895;615;947;382;811;444;805;561;552;752;712;803;577;766;757;992;263;503;509;470;165;1019;672;378;196;668
44;333;467;647;637;422;635;716;717;503;664;678;769;408;515;426;262;351;544;364;768;279;865;200;796;318;164;1117;362;483;321;558;338;105;569;393;258;822;462;502;868;510;732;387;513;0;951;428;753;554;608;1096;1051;817;287;944;942;248;88;72;939;595;527;892;585;827;867;242;729;217;810;920;482;485;168;586;275;698;181;409;266;551;648;709;899;477;481;635;953;1055;760;717;689;310;432;410;908;351;136;646;374
45;838;666;865;579;687;512;532;685;506;294;693;359;590;481;693;733;735;491;684;223;1090;110;979;571;946;825;302;823;597;1060;469;615;905;711;590;719;260;501;918;699;788;389;921;808;951;0;603;234;752;343;255;311;316;797;61;199;822;865;975;43;745;648;550;480;249;91;802;550;816;207;563;470;495;1002;735;760;654;786;858;685;636;303;264;57;612;736;315;81;298;643;640;307;653;518;702;463;728;896;978;697
46;533;108;384;589;97;208;294;340;96;313;309;347;345;122;106;358;454;420;81;387;666;549;555;722;602;267;707;222;65;676;416;164;438;620;73;172;415;140;352;842;626;308;630;264;428;603;0;477;636;301;692;635;398;460;618;540;228;342;482;579;270;539;787;461;579;538;427;653;422;421;815;246;329;552;649;409;688;248;601;234;552;319;339;546;461;566;328;580;641;731;323;301;279;208;108;757;448;326;460;436
47;607;567;815;353;573;472;530;673;391;189;667;386;366;362;581;515;505;258;548;226;865;126;757;381;715;647;512;698;495;831;236;434;694;479;439;548;324;345;825;517;554;394;687;724;753;234;477;0;520;175;469;493;375;570;204;356;667;672;767;247;689;414;394;245;105;143;580;342;596;257;416;276;274;783;505;536;438;604;624;489;402;164;208;205;378;501;148;281;485;440;631;258;444;329;585;329;498;720;914;466
48;229;740;1011;183;712;784;873;967;622;592;940;807;292;607;722;329;214;285;647;694;483;641;421;300;308;574;1028;763;696;419;305;476;450;43;562;545;791;529;929;326;55;791;239;877;554;752;636;520;0;512;988;999;824;267;711;861;661;525;516;767;905;113;401;278;520;663;314;257;338;738;424;434;344;465;36;291;173;535;177;436;118;553;643;725;183;77;519;801;994;234;940;666;367;443;713;456;217;624;1065;211
49;529;394;650;388;397;324;398;528;217;81;516;297;271;189;406;399;425;228;373;190;760;263;647;477;632;486;549;522;323;739;211;274;564;480;265;382;281;171;650;611;530;287;622;552;608;343;301;175;512;0;516;503;311;476;339;371;497;523;633;333;525;399;520;248;278;260;473;418;483;237;546;129;181;665;509;432;489;446;567;341;398;46;134;292;336;469;29;351;501;512;490;154;314;175;409;474;418;559;745;389
50;1044;720;846;822;753;531;506;643;601;442;665;357;786;584;756;914;939;712;773;331;1275;358;1161;826;1148;949;48;888;662;1256;691;759;1069;948;706;843;277;633;942;954;1018;398;1133;829;1096;255;692;469;988;516;0;106;301;993;313;153;921;1007;1133;227;743;879;804;710;503;331;989;801;998;287;817;642;693;1176;974;949;903;918;1075;839;870;470;392;265;832;962;496;188;89;896;600;406;825;680;769;717;932;1015;964;902
51;1032;648;752;844;685;456;419;548;549;423;572;288;774;536;687;890;928;717;713;312;1249;400;1133;867;1132;898;86;817;597;1235;696;721;1035;962;658;795;232;595;858;1000;1025;329;1125;746;1051;311;635;493;999;503;106;0;236;976;373;138;861;963;1094;274;656;887;856;721;547;370;966;835;973;266;872;622;685;1145;989;929;932;871;1070;804;881;457;370;303;834;966;488;232;17;932;506;371;799;652;701;773;921;961;870;893
52;823;418;564;692;452;230;222;373;314;232;386;56;569;302;455;670;722;539;477;148;1024;341;908;753;918;662;310;587;363;1015;521;491;805;791;424;559;57;367;645;890;841;97;919;532;817;316;398;375;824;311;301;236;0;761;364;161;625;729;862;275;452;710;769;555;464;312;747;705;751;124;790;412;488;916;820;713;789;636;870;575;709;271;184;270;647;779;306;252;242;803;327;159;578;433;469;700;714;725;681;689
53;73;549;801;364;512;650;741;800;485;553;767;727;208;481;521;102;74;319;443;665;295;695;193;521;156;322;1025;529;525;263;339;299;184;282;391;322;746;403;694;582;227;700;170;662;287;797;460;570;267;476;993;976;761;0;774;846;417;261;255;797;710;248;620;350;618;706;48;457;71;711;647;353;302;228;299;51;414;289;149;227;273;522;605;754;218;194;497;822;974;477;783;607;188;328;508;649;78;362;837;109
54;811;688;901;534;705;545;573;727;522;305;732;402;569;496;712;716;709;461;697;253;1069;80;960;517;920;826;361;840;618;1036;440;613;892;669;598;721;306;505;944;642;750;429;890;835;944;61;618;204;711;339;313;373;364;774;0;259;831;861;964;101;778;611;491;445;198;80;783;499;798;247;504;462;475;985;692;739;604;786;826;678;597;305;283;94;581;700;311;141;359;590;681;332;640;513;720;404;703;898;1011;671
55;900;573;724;706;604;390;381;528;448;293;544;216;642;430;608;764;796;579;621;181;1125;270;1010;733;1002;795;179;741;513;1108;558;605;917;824;552;689;126;480;806;866;888;255;992;692;942;199;540;356;861;371;153;138;161;846;259;0;769;853;979;157;613;750;727;583;415;239;840;698;848;135;744;494;551;1024;851;801;794;764;936;686;743;324;241;175;697;829;353;120;132;795;483;252;675;528;621;647;789;862;840;760
56;486;230;405;678;186;415;487;471;322;528;432;572;413;344;188;333;449;533;148;613;522;757;427;830;517;100;935;119;265;554;539;243;305;660;232;130;643;326;278;932;633;532;570;268;248;822;228;667;661;497;921;861;625;417;831;769;0;186;316;801;346;593;912;578;761;750;371;759;353;648;941;398;448;407;685;377;764;128;566;233;613;526;561;766;522;584;526;806;867;818;474;527;307;345;171;903;445;116;422;450
57;322;389;591;585;344;550;633;643;415;577;605;681;340;427;350;207;313;476;283;680;340;782;241;745;336;88;1029;305;399;368;488;251;119;534;305;170;734;374;459;826;488;645;395;454;88;865;342;672;525;523;1007;963;729;261;861;853;186;0;140;853;527;482;837;518;750;783;213;675;191;722;866;399;410;223;555;235;656;94;402;183;505;562;622;813;424;449;550;866;967;716;640;601;236;348;334;846;312;101;604;328
58;289;530;718;617;485;690;774;782;549;695;744;816;409;559;490;257;326;543;424;802;207;884;131;776;256;227;1157;433;539;249;559;374;76;536;439;309;863;500;574;837;469;780;330;584;72;975;482;767;516;633;1133;1094;862;255;964;979;316;140;0;966;663;503;874;581;834;888;217;710;193;846;901;505;495;96;550;257;670;234;360;294;528;676;743;925;463;447;659;983;1097;733;780;727;323;458;474;897;328;208;718;354
59;842;637;829;597;659;477;493;646;482;276;655;319;589;458;665;729;738;499;660;193;1088;131;976;600;948;808;272;796;569;1061;477;601;897;726;570;702;220;483;887;730;800;351;927;775;939;43;579;247;767;333;227;274;275;797;101;157;801;853;966;0;710;660;583;491;277;105;800;574;812;171;598;462;494;997;751;758;676;771;865;674;649;290;240;43;620;746;307;41;261;669;600;279;646;507;674;499;731;879;942;700
60;784;164;125;856;198;233;237;138;314;501;99;399;615;340;189;610;716;684;267;525;867;726;765;982;839;438;740;239;216;892;679;429;643;890;342;390;497;397;205;1107;893;361;878;102;595;745;270;689;905;525;743;656;452;710;778;613;346;527;663;710;0;809;1039;724;795;706;672;915;661;538;1066;507;595;750;919;661;956;446;858;485;822;525;501;690;731;834;546;696;668;997;162;449;542;475;202;999;710;462;232;702
61;242;646;920;117;621;677;764;863;517;479;839;693;194;500;631;274;176;171;559;580;516;538;432;272;344;516;918;686;597;463;192;385;430;84;466;469;678;424;850;345;140;679;293;790;527;648;539;414;113;399;879;887;710;248;611;750;593;482;503;660;809;0;372;169;426;557;287;210;311;625;399;324;233;473;114;251;174;473;226;360;25;440;530;618;78;91;406;693;882;234;835;552;287;339;624;406;175;574;981;154
62;610;892;1162;256;883;844;913;1048;724;569;1036;780;503;698;892;631;547;379;836;620;879;457;804;101;704;853;852;982;826;819;376;674;799;364;726;782;717;647;1134;161;457;785;640;1050;892;550;787;394;401;520;804;856;769;620;491;727;912;837;874;583;1039;372;0;334;312;488;657;163;681;649;29;541;468;845;367;618;229;808;575;684;347;534;599;553;414;445;504;624;844;173;1009;645;613;585;891;91;545;919;1247;520
63;373;569;843;141;555;556;638;754;412;324;736;544;178;390;565;324;278;45;504;418;642;370;543;261;481;524;750;648;508;600;45;339;505;241;396;448;518;326;803;383;309;535;446;724;585;480;461;245;278;248;710;721;555;350;445;583;578;518;581;491;724;169;334;0;270;389;371;191;392;461;363;217;134;576;268;328;243;478;381;353;160;284;371;449;138;255;249;524;715;275;721;401;285;254;561;328;272;593;921;240
64;644;671;921;339;676;577;632;777;495;295;772;482;425;467;684;578;547;298;648;317;912;147;810;322;752;734;550;798;600;871;279;523;759;477;537;638;409;444;929;453;562;494;714;830;827;249;579;105;520;278;503;547;464;618;198;415;761;750;834;277;795;426;312;270;0;177;635;301;653;341;330;364;341;840;499;591;406;690;648;569;409;270;309;244;409;517;252;317;536;393;735;360;516;418;687;236;542;807;1020;509
65;747;611;829;492;627;474;509;662;443;225;664;342;499;416;633;643;643;400;617;184;999;31;889;498;854;746;376;760;540;969;378;534;817;622;518;641;254;425;867;630;697;365;829;760;867;91;538;143;663;260;331;370;312;706;80;239;750;783;888;105;706;557;488;389;177;0;712;470;726;188;505;384;404;913;647;669;571;706;766;600;546;225;207;67;521;644;232;143;359;565;617;257;565;434;641;407;636;819;938;605
66;115;513;759;400;474;623;714;765;460;546;732;710;213;459;482;77;110;337;405;658;288;703;177;559;176;275;1019;485;493;268;356;271;143;327;362;282;735;383;649;625;274;681;206;620;242;802;427;580;314;473;989;966;747;48;783;840;371;213;217;800;672;287;657;371;635;712;0;493;24;704;684;346;307;205;345;44;456;243;195;193;311;519;598;757;247;239;495;822;966;519;750;596;168;314;469;681;111;314;792;138
67;450;760;1035;93;746;739;817;940;602;483;923;705;346;579;756;468;384;234;694;559;723;443;642;71;548;695;846;836;699;665;236;526;636;215;587;629;660;517;993;193;309;702;489;916;729;550;653;342;257;418;801;835;705;457;499;698;759;675;710;574;915;210;163;191;301;470;493;0;517;595;191;408;325;683;226;455;107;650;422;527;185;444;524;537;251;288;411;613;825;98;905;562;455;446;753;201;381;760;1113;356
68;133;504;745;424;464;620;711;758;460;555;723;713;229;460;472;84;134;356;395;667;277;718;163;583;180;256;1027;468;487;263;375;270;118;351;358;270;742;386;632;650;298;683;218;606;217;816;422;596;338;483;998;973;751;71;798;848;353;191;193;812;661;311;681;392;653;726;24;517;0;712;708;355;322;187;369;64;481;227;213;189;336;529;607;770;270;264;506;834;973;543;744;602;174;320;458;704;135;292;775;161
69;766;469;658;591;495;305;326;479;325;158;485;155;508;304;500;628;662;453;502;46;989;217;874;639;867;667;315;632;403;972;433;472;782;702;424;560;68;347;716;775;761;182;859;604;810;207;421;257;738;237;287;266;124;711;247;135;648;722;846;171;538;625;649;461;341;188;704;595;712;0;669;358;418;889;730;666;685;634;804;552;620;191;105;154;568;701;222;163;264;694;434;122;539;393;510;577;654;735;770;626
70;636;920;1190;284;911;870;938;1074;752;594;1062;802;532;726;921;660;575;408;865;642;904;473;830;127;728;882;865;1011;854;843;405;703;827;388;754;811;737;675;1163;163;479;809;664;1079;920;563;815;416;424;546;817;872;790;647;504;744;941;866;901;598;1066;399;29;363;330;505;684;191;708;669;0;569;496;871;389;646;251;837;599;713;374;559;622;570;443;470;530;639;859;192;1035;669;642;614;919;100;573;948;1275;547
71;411;352;626;351;342;352;440;543;198;200;522;384;157;178;351;271;309;178;298;312;632;383;518;476;510;371;673;447;291;614;172;159;435;408;186;273;393;109;594;600;440;363;507;510;482;470;246;276;434;129;642;622;412;353;462;494;398;399;505;462;507;324;541;217;364;384;346;408;355;358;569;0;92;536;438;307;453;328;458;216;331;174;252;420;250;377;154;480;621;491;512;254;185;54;350;516;302;444;706;277
72;350;437;713;261;421;445;532;636;290;262;614;465;95;270;431;241;246;91;370;372;595;395;485;395;455;402;728;514;379;566;91;207;420;317;262;318;462;199;668;513;354;448;441;591;485;495;329;274;344;181;693;685;488;302;475;551;448;410;495;494;595;233;468;134;341;404;307;325;322;418;496;92;0;510;347;264;362;357;385;233;238;227;315;451;161;292;197;519;682;402;605;328;175;121;427;454;238;474;787;209
73;237;611;811;590;566;759;846;866;610;734;828;874;417;616;572;269;303;542;502;844;116;905;46;744;176;312;1203;525;613;152;561;425;114;491;501;381;912;550;670;791;414;840;254;675;168;1002;552;783;465;665;1176;1145;916;228;985;1024;407;223;96;997;750;473;845;576;840;913;205;683;187;889;871;536;510;0;501;249;629;310;296;341;498;710;784;955;447;403;690;1017;1146;693;861;774;351;496;556;877;307;302;814;337
74;263;755;1028;159;728;791;879;977;631;588;951;805;304;614;738;355;242;281;665;687;519;624;456;266;344;601;1016;784;708;455;299;492;483;30;576;567;785;538;950;290;91;792;275;895;586;735;649;505;36;509;974;989;820;299;692;851;685;555;550;751;919;114;367;268;499;647;345;226;369;730;389;438;347;501;0;320;137;560;213;457;111;549;638;710;190;105;514;786;983;199;949;663;387;452;730;424;244;652;1085;234
75;124;499;754;362;463;598;690;749;433;508;716;678;170;430;472;51;78;293;394;620;330;660;221;521;205;285;980;486;474;306;312;247;181;299;340;275;699;352;652;594;257;650;221;615;275;760;409;536;291;432;949;929;713;51;739;801;377;235;257;758;661;251;618;328;591;669;44;455;64;666;646;307;264;249;320;0;424;249;196;176;276;479;560;715;206;214;454;781;929;485;731;559;137;279;460;640;77;332;793;98
76;392;796;1072;102;777;799;881;995;651;561;975;783;355;630;787;448;347;275;719;646;654;545;586;130;479;689;947;852;741;592;285;545;599;139;618;637;747;561;1014;170;228;776;412;947;698;654;688;438;173;489;903;932;789;414;604;794;764;656;670;676;956;174;229;243;406;571;456;107;481;685;251;453;362;629;137;424;0;645;349;530;151;521;605;638;241;225;486;714;923;63;963;639;456;481;781;292;346;748;1141;327
77;359;300;521;565;256;456;540;556;322;494;519;588;304;335;262;206;322;433;192;593;427;708;320;721;397;45;939;241;305;447;443;172;198;536;213;77;643;289;405;815;506;551;445;382;181;786;248;604;535;446;918;871;636;289;786;764;128;94;234;771;446;473;808;478;690;706;243;650;227;634;837;328;357;310;560;249;645;0;438;125;494;483;536;733;405;458;474;782;875;702;550;512;194;275;247;807;318;117;548;326
78;79;695;950;336;659;782;874;942;616;648;910;842;300;608;668;247;151;366;590;758;306;750;250;473;131;469;1111;679;666;243;388;438;304;211;531;472;847;528;844;501;122;818;67;811;409;858;601;624;177;567;1075;1070;870;149;826;936;566;402;360;865;858;226;575;381;648;766;195;422;213;804;599;458;385;296;213;196;349;438;0;372;247;613;701;822;245;136;582;895;1067;411;923;711;323;445;656;623;159;503;986;181
79;300;323;581;444;287;431;522;573;273;401;540;533;181;276;296;125;232;308;218;508;449;599;334;599;369;171;864;327;299;449;318;84;231;431;169;109;572;208;493;698;415;501;397;444;266;685;234;489;436;341;839;804;575;227;678;686;233;183;294;674;485;360;684;353;569;600;193;527;189;552;713;216;233;341;457;176;530;125;372;0;380;383;448;633;288;360;369;689;806;584;557;434;73;166;285;682;227;241;629;225
80;266;659;934;92;636;683;770;873;526;477;849;694;209;508;646;297;201;169;575;576;540;525;457;247;367;537;910;704;608;486;188;401;455;81;480;488;675;433;868;322;153;681;314;805;551;636;552;402;118;398;870;881;709;273;597;743;613;505;528;649;822;25;347;160;409;546;311;185;336;620;374;331;238;498;111;276;151;494;247;380;0;438;527;607;93;111;403;683;875;210;843;552;306;349;639;382;200;596;998;178
81;576;404;651;422;413;312;379;516;229;40;507;262;317;201;421;445;471;268;395;144;806;232;692;499;678;521;502;542;332;785;249;311;608;520;293;416;238;200;663;635;573;257;668;561;648;303;319;164;553;46;470;457;271;522;305;324;526;562;676;290;525;440;534;284;270;225;519;444;529;191;559;174;227;710;549;479;521;483;613;383;438;0;89;250;379;512;35;307;455;540;475;118;358;217;426;482;464;594;750;435
82;661;405;626;508;423;272;322;469;242;53;467;182;403;218;429;523;557;358;420;60;884;225;769;574;762;571;420;559;334;866;339;370;678;609;331;465;148;247;660;711;663;186;755;552;709;264;339;208;643;134;392;370;184;605;283;241;561;622;743;240;501;530;599;371;309;207;598;524;607;105;622;252;315;784;638;560;605;536;701;448;527;89;0;207;469;602;123;246;369;621;426;52;434;287;438;537;550;641;732;522
83;799;609;811;557;630;457;480;634;450;239;640;308;546;425;636;686;695;456;627;166;1045;97;934;565;905;770;309;766;540;1018;434;562;856;685;535;664;212;446;862;697;758;336;884;752;899;57;546;205;725;292;265;303;270;754;94;175;766;813;925;43;690;618;553;449;244;67;757;537;770;154;570;420;451;955;710;715;638;733;822;633;607;250;207;0;577;703;265;76;292;632;588;250;604;467;645;471;688;842;923;656
84;235;568;842;161;543;601;690;786;440;417;761;626;116;424;553;217;144;121;482;523;506;504;411;320;343;449;870;611;518;462;143;308;387;160;388;396;617;347;775;410;194;609;309;712;477;612;461;378;183;336;832;834;647;218;581;697;522;424;463;620;731;78;414;138;409;521;247;251;270;568;443;250;161;447;190;206;241;405;245;288;93;379;469;577;0;132;347;650;829;297;758;487;214;261;546;434;139;511;905;109
85;166;669;938;200;639;723;813;900;559;550;873;758;227;546;649;251;137;249;574;656;434;626;361;343;260;497;1000;687;627;377;271;404;378;89;493;470;750;466;853;390;63;739;204;803;481;736;566;501;77;469;962;966;779;194;700;829;584;449;447;746;834;91;445;255;517;644;239;288;264;701;470;377;292;403;105;214;225;458;136;360;111;512;602;703;132;0;479;778;961;289;876;620;293;380;640;488;140;547;990;135
86;548;419;672;387;424;340;409;544;242;75;533;297;290;214;432;422;443;234;401;176;783;234;670;467;651;515;530;550;347;760;215;302;590;485;294;411;271;200;676;602;540;291;638;577;635;315;328;148;519;29;496;488;306;497;311;353;526;550;659;307;546;406;504;249;252;232;495;411;506;222;530;154;197;690;514;454;486;474;582;369;403;35;123;265;347;479;0;327;485;506;504;153;339;202;436;455;436;588;768;406
87;869;632;813;634;657;465;474;626;484;288;636;300;614;461;662;750;764;529;662;193;1111;171;998;640;974;817;233;794;566;1086;507;614;915;761;578;711;200;493;878;770;833;335;955;766;953;81;580;281;801;351;188;232;252;822;141;120;806;866;983;41;696;693;624;524;317;143;822;613;834;163;639;480;519;1017;786;781;714;782;895;689;683;307;246;76;650;778;327;0;220;708;580;279;665;524;673;540;757;888;927;726
88;1030;657;766;837;693;465;431;562;554;422;585;296;772;540;695;890;926;712;719;310;1249;389;1134;857;1131;903;72;826;605;1235;691;723;1037;956;662;799;234;597;869;989;1020;336;1123;757;1055;298;641;485;994;501;89;17;242;974;359;132;867;967;1097;261;668;882;844;715;536;359;966;825;973;264;859;621;682;1146;983;929;923;875;1067;806;875;455;369;292;829;961;485;220;0;922;520;372;800;653;709;760;919;967;884;890
89;455;840;1115;142;822;830;910;1029;688;580;1011;801;406;665;832;508;409;312;766;657;717;537;650;82;542;746;942;903;781;654;319;594;661;202;663;691;758;600;1064;113;290;798;474;992;760;643;731;440;234;512;896;932;803;477;590;795;818;716;733;669;997;234;173;275;393;565;519;98;543;694;192;491;402;693;199;485;63;702;411;584;210;540;621;632;297;289;506;708;922;0;995;659;511;523;827;246;408;806;1188;388
90;855;250;246;861;295;165;107;45;317;443;66;280;649;335;290;681;773;688;358;433;977;641;869;966;925;553;592;383;257;993;677;485;748;918;392;482;380;410;366;1098;938;252;953;263;717;640;323;631;940;490;600;506;327;783;681;483;474;640;780;600;162;835;1009;721;735;617;750;905;744;434;1035;512;605;861;949;731;963;550;923;557;843;475;426;588;758;876;504;580;520;995;0;374;600;497;307;957;766;591;364;752
91;666;359;574;540;380;220;271;417;204;79;414;143;411;183;386;519;564;382;382;86;877;276;762;616;764;545;430;516;290;864;365;353;665;634;302;438;139;227;612;752;682;140;762;503;689;307;301;258;666;154;406;371;159;607;332;252;527;601;727;279;449;552;645;401;360;257;596;562;602;122;669;254;328;774;663;559;639;512;711;434;552;118;52;250;487;620;153;279;372;659;374;0;428;281;395;586;557;613;681;531
92;258;378;644;371;346;462;553;619;296;383;589;542;109;292;356;91;174;241;280;494;450;561;335;526;342;240;854;398;344;437;253;115;251;360;208;181;568;215;563;625;351;513;357;509;310;653;279;444;367;314;825;799;578;188;640;675;307;236;323;646;542;287;613;285;516;565;168;455;174;539;642;185;175;351;387;137;456;194;323;73;306;358;434;604;214;293;339;665;800;511;600;428;0;146;346;614;168;307;697;159
93;391;316;592;381;300;343;434;524;179;238;500;399;153;166;310;237;294;212;251;348;596;434;481;515;484;317;707;398;260;583;210;105;391;422;141;219;421;86;549;634;442;374;489;470;432;518;208;329;443;175;680;652;433;328;513;528;345;348;458;507;475;339;585;254;418;434;314;446;320;393;614;54;121;496;452;279;481;275;445;166;349;217;287;467;261;380;202;524;653;523;497;281;146;0;307;564;286;391;666;265
94;582;59;298;684;16;248;316;309;198;417;271;414;429;225;16;409;517;519;66;481;673;653;568;822;637;246;779;121;107;694;517;238;446;702;165;188;494;247;244;940;697;373;675;165;410;702;108;585;713;409;769;701;469;508;720;621;171;334;474;674;202;624;891;561;687;641;469;753;458;510;919;350;427;556;730;460;781;247;656;285;639;426;438;645;546;640;436;673;709;827;307;395;346;307;0;864;511;286;360;506
95;648;860;1124;289;855;794;857;998;687;514;988;715;506;660;864;645;574;373;814;552;922;376;838;164;748;853;765;963;791;866;364;661;821;416;702;773;646;617;1109;252;510;724;690;1019;908;463;757;329;456;474;717;773;700;649;404;647;903;846;897;499;999;406;91;328;236;407;681;201;704;577;100;516;454;877;424;640;292;807;623;682;382;482;537;471;434;488;455;540;760;246;957;586;614;564;864;0;571;922;1215;543
