PARÂMETROS
100;5;15;25
COORDENADAS
0;442;271
1;978;807
2;389;648
3;1;405
4;334;341
5;508;52
6;684;239
7;413;262
8;864;64
9;780;938
10;248;797
11;536;310
12;665;366
13;855;952
14;941;9
15;118;349
16;72;464
17;105;944
18;494;303
19;835;15
20;143;856
21;28;700
22;673;384
23;58;115
24;108;460
25;289;991
26;805;155
27;236;609
28;713;932
29;431;164
30;838;267
31;169;502
32;519;798
33;490;218
34;650;856
35;234;151
36;262;246
37;777;675
38;102;690
39;368;606
40;55;628
41;638;222
42;276;310
43;287;911
44;768;698
45;680;152
46;204;591
47;933;400
48;797;94
49;123;983
50;2;729
51;238;751
52;374;252
53;936;3
54;842;824
55;526;491
56;222;63
57;251;264
58;615;794
59;563;539
60;830;748
61;537;500
62;52;903
63;818;125
64;141;399
65;129;726
66;163;87
67;100;320
68;534;729
69;581;135
70;928;696
71;713;447
72;465;744
73;182;948
74;622;84
75;617;154
76;158;701
77;273;891
78;58;729
79;803;654
80;312;954
81;1000;442
82;291;265
83;541;352
84;350;751
85;175;363
86;832;817
87;115;44
88;850;683
89;54;792
90;681;16
91;714;498
92;68;649
93;70;395
94;302;9
95;892;755
96;559;412
97;969;35
98;529;942
99;628;202
DISTÂNCIAS
DE/PARA;0;1;2;3;4;5;6;7;8;9;10;11;12;13;14;15;16;17;18;19;20;21;22;23;24;25;26;27;28;29;30;31;32;33;34;35;36;37;38;39;40;41;42;43;44;45;46;47;48;49;50;51;52;53;54;55;56;57;58;59;60;61;62;63;64;65;66;67;68;69;70;71;72;73;74;75;76;77;78;79;80;81;82;83;84;85;86;87;88;89;90;91;92;93;94;95;96;97;98;99
0;0;758;380;460;128;228;244;30;470;747;560;101;242;796;563;333;417;752;61;469;656;596;257;414;383;736;381;395;714;107;396;357;532;71;620;240;181;524;539;343;526;202;170;658;537;266;398;507;396;780;635;521;70;562;682;235;302;191;550;294;614;247;742;403;327;552;334;345;467;194;645;323;473;725;259;210;515;642;597;526;695;583;151;127;488;282;670;398;579;649;349;354;531;392;297;660;183;577;676;198
1;758;0;610;1056;794;889;639;785;751;237;730;665;540;190;798;974;968;883;698;804;836;956;521;1151;936;713;674;767;293;844;557;864;459;764;331;991;909;240;883;642;940;676;860;698;236;719;803;409;735;872;979;742;820;805;137;551;1060;907;363;494;159;537;930;700;931;852;1087;1004;450;780;121;447;516;808;805;746;826;709;923;232;682;365;875;630;630;917;146;1151;178;924;844;406;923;997;1045;100;575;772;468;698
2;380;610;0;457;311;607;504;386;752;486;205;368;394;556;844;403;366;410;360;774;322;364;387;627;338;357;645;157;430;485;588;264;198;441;333;520;421;388;290;46;334;493;356;282;382;575;193;597;688;427;395;182;396;845;485;208;608;408;269;205;452;209;422;676;351;271;604;437;166;547;541;381;122;364;610;544;237;269;340;414;315;644;395;332;110;356;474;663;462;364;696;357;321;407;644;514;290;843;325;506
3;460;1056;457;0;339;617;702;436;927;943;463;543;665;1014;1020;129;92;548;503;920;472;296;672;295;120;652;841;311;885;492;848;193;650;523;790;344;305;821;302;418;229;662;290;581;821;724;275;932;854;590;324;419;403;1017;939;531;407;287;726;577;897;544;500;863;140;345;356;130;623;639;971;713;574;572;699;665;335;556;328;839;630;999;322;542;491;178;927;378;893;390;783;719;253;69;497;957;558;1036;753;659
4;128;794;311;339;0;337;364;111;598;745;464;204;331;802;691;216;289;645;164;597;549;471;341;356;255;651;506;285;702;201;509;230;493;198;604;214;119;554;419;267;400;326;65;571;561;394;281;601;524;675;510;421;97;690;700;243;299;113;533;302;641;257;628;530;201;436;306;234;436;321;691;393;423;625;385;339;400;553;476;563;613;673;87;207;410;160;688;369;619;530;475;411;406;269;333;694;235;704;631;325
5;228;889;607;617;337;0;256;230;356;926;789;259;351;964;435;490;599;978;251;329;882;806;370;454;571;964;314;619;903;135;393;563;746;166;816;291;313;678;756;571;732;214;346;886;696;198;618;549;292;1007;845;749;240;430;841;439;286;333;749;490;766;448;965;318;505;773;346;488;677;110;768;445;693;953;118;149;737;871;812;670;923;627;304;301;716;455;830;393;717;868;176;491;741;556;210;801;363;461;890;192
6;244;639;504;702;364;256;0;271;251;705;708;164;128;733;344;576;652;912;200;270;820;801;145;638;616;849;147;581;693;263;156;578;582;195;617;458;422;445;736;484;739;49;414;780;466;87;595;296;183;931;839;679;310;345;605;297;494;433;559;323;529;299;916;175;566;738;542;589;512;146;518;210;550;868;166;108;700;770;794;431;805;375;393;182;611;523;596;601;474;838;223;260;739;633;445;556;213;350;719;67
7;30;785;386;436;111;230;271;0;492;769;559;132;272;819;585;307;396;748;90;488;652;583;287;384;363;739;406;389;734;99;425;342;546;88;639;210;151;550;529;346;511;228;145;661;562;288;389;538;419;777;622;519;40;583;707;255;275;162;569;315;640;268;735;427;304;544;305;318;482;210;673;352;484;723;274;230;507;644;586;552;699;613;122;156;493;258;695;369;606;640;363;382;518;367;276;687;209;600;689;223
8;470;751;752;927;598;356;251;492;0;878;957;410;361;888;94;798;887;1162;440;56;1071;1050;372;807;853;1090;108;831;881;444;204;821;811;404;820;635;628;617;986;734;986;275;637;1024;641;203;844;343;73;1180;1088;929;524;94;760;544;642;644;771;562;684;545;1167;76;796;989;701;805;742;291;635;411;788;1116;242;262;950;1016;1044;593;1047;401;607;432;858;751;753;749;619;1089;189;459;987;860;564;691;462;108;939;273
9;747;237;486;943;745;926;705;769;878;0;550;673;583;76;942;886;852;675;696;924;642;788;564;1094;824;493;783;635;67;849;673;750;296;776;153;957;864;263;721;529;788;729;805;493;240;792;672;559;844;658;805;573;797;947;129;514;1037;856;219;454;196;500;728;813;835;684;1051;918;322;827;283;495;369;598;868;800;665;509;751;284;468;542;831;632;468;834;131;1114;264;740;927;444;768;893;1044;214;570;922;251;751
10;560;730;205;463;464;789;708;559;957;550;0;565;599;626;1049;466;376;205;551;977;120;240;592;707;364;198;849;188;484;658;793;305;271;627;406;646;551;542;181;225;256;694;487;120;529;776;210;791;891;224;255;47;559;1050;594;413;734;533;367;407;584;414;222;881;412;138;715;499;293;741;687;582;223;164;805;741;131;97;201;573;169;831;533;532;111;440;584;764;612;194;893;553;233;439;789;645;494;1049;316;705
11;101;665;368;543;204;259;164;132;410;673;565;0;140;716;504;419;488;766;42;420;672;640;155;516;453;724;310;423;646;179;305;414;488;102;557;341;281;437;576;340;576;134;260;650;452;213;434;407;338;789;678;532;172;504;598;181;399;288;490;230;527;190;765;337;404;581;434;436;419;180;550;223;439;729;241;175;543;637;635;435;681;482;249;42;478;364;587;497;487;681;327;258;577;473;381;569;104;512;632;141
12;242;540;394;665;331;351;128;272;361;583;599;140;0;616;451;547;601;804;182;390;715;719;19;656;564;729;253;493;568;309;199;514;456;229;490;481;420;328;649;381;663;146;393;663;347;214;512;270;302;821;755;574;312;453;491;186;536;426;430;200;416;185;814;285;525;645;574;566;385;245;421;94;427;756;285;217;607;655;707;319;685;343;387;124;497;490;480;637;367;744;350;140;660;595;509;450;115;449;591;168
13;796;190;556;1014;802;964;733;819;888;76;626;716;616;0;946;952;922;750;742;937;718;864;596;1155;894;567;798;707;143;894;685;820;369;819;226;1013;922;287;797;597;863;761;864;569;268;818;744;557;859;732;881;648;849;952;128;566;1091;915;287;505;205;552;804;827;903;760;1107;984;390;861;266;524;442;673;898;832;740;585;827;302;543;530;888;677;543;899;136;1171;269;816;952;475;843;962;1093;200;615;924;326;783
14;563;798;844;1020;691;435;344;585;94;942;1049;504;451;946;0;890;980;1254;535;106;1163;1145;460;889;947;1178;199;925;950;533;277;915;894;497;895;721;719;685;1080;827;1080;370;729;1114;710;297;939;391;167;1271;1183;1022;616;7;820;636;721;735;850;650;747;635;1260;169;890;1083;781;896;827;381;687;493;875;1207;327;354;1044;1106;1139;659;1135;437;698;526;948;843;815;826;680;1183;260;539;1082;952;639;747;555;38;1019;367
15;333;974;403;129;216;490;576;307;798;886;466;419;547;952;890;0;123;595;378;790;507;362;556;241;111;664;713;285;833;363;724;161;601;394;734;229;177;735;341;358;286;535;162;586;737;595;256;816;725;634;397;419;273;888;865;432;304;157;667;483;816;445;557;734;55;377;265;34;563;510;881;603;525;602;569;535;354;563;384;749;635;886;192;423;464;58;853;305;804;447;654;614;304;66;386;874;445;907;721;530
16;417;968;366;92;289;599;652;396;887;852;376;488;601;922;980;123;0;481;451;885;398;240;606;349;36;569;795;218;793;467;790;104;558;485;698;352;289;735;227;328;164;615;255;496;734;683;183;863;813;521;274;331;368;979;850;454;428;268;635;496;809;466;439;819;94;268;387;146;532;606;886;641;482;496;668;626;252;471;265;755;545;928;295;482;399;144;837;422;808;328;756;642;185;69;509;870;489;994;661;614
17;752;883;410;548;645;978;912;748;1162;675;205;766;804;750;1254;595;481;0;749;1181;95;255;797;830;484;189;1054;359;608;845;997;446;438;821;552;803;715;723;254;428;319;897;656;184;707;978;366;990;1096;42;238;234;742;1255;746;618;888;695;531;611;751;619;67;1085;546;219;858;624;479;938;859;785;411;77;1003;941;248;176;220;755;207;1026;704;735;311;585;738;900;789;160;1092;754;297;550;955;809;699;1254;424;907
18;61;698;360;503;164;251;200;90;440;696;551;42;182;742;535;378;451;749;0;446;654;612;196;474;416;717;344;400;666;152;345;381;495;85;574;301;238;467;550;328;546;165;218;642;480;239;408;449;368;774;650;515;130;534;626;190;362;246;505;245;557;201;745;369;365;558;395;394;427;189;585;262;441;716;253;193;520;628;609;467;675;524;206;67;470;324;615;459;520;657;342;293;548;433;351;602;126;545;639;167
19;469;804;774;920;597;329;270;488;56;924;977;420;390;937;106;790;885;1181;446;0;1089;1058;402;783;852;1118;143;843;925;430;252;825;844;400;861;616;617;662;996;753;992;285;632;1050;686;206;854;397;87;1201;1097;947;518;101;809;567;614;634;809;590;733;569;1183;111;793;1001;675;795;774;280;687;448;817;1138;223;258;963;1040;1055;639;1074;457;598;447;881;746;802;720;668;1101;154;497;995;854;533;742;483;135;976;278
20;656;836;322;472;549;882;820;652;1071;642;120;672;715;718;1163;507;398;95;654;1089;0;193;709;745;397;198;964;263;575;749;911;354;380;726;507;710;621;659;170;336;244;804;561;154;644;885;271;912;1004;128;189;141;646;1164;699;529;796;601;476;526;695;531;102;994;457;130;769;537;411;843;801;701;340;99;908;847;155;134;152;690;195;951;609;642;232;494;690;812;727;109;997;673;220;466;861;755;608;1164;395;814
21;596;956;364;296;471;806;801;583;1050;788;240;640;719;864;1145;362;240;255;612;1058;193;0;718;585;252;390;949;227;723;670;918;243;500;667;641;586;510;749;74;352;76;774;462;334;740;851;207;953;979;298;38;216;566;1144;823;540;665;489;594;558;803;546;204;977;321;104;627;386;506;790;900;730;439;291;855;803;130;310;41;776;381;1005;508;619;326;367;812;661;822;95;945;715;64;307;743;865;604;1152;556;779
22;257;521;387;672;341;370;145;287;372;564;592;155;19;596;460;556;606;797;196;402;709;718;0;671;570;718;264;491;549;327;202;517;441;247;472;497;433;309;647;377;664;165;403;653;328;232;512;260;315;813;754;569;326;462;471;181;553;438;414;190;396;178;809;296;532;642;590;576;371;265;402;74;415;747;304;236;604;645;705;299;674;332;400;135;488;498;461;653;347;741;368;121;660;603;527;430;117;457;576;187
23;414;1151;627;295;356;454;638;384;807;1094;707;516;656;1155;889;241;349;830;474;783;745;585;671;0;348;905;748;525;1047;376;794;402;824;444;948;179;242;911;576;580;513;589;292;828;918;623;497;920;739;870;616;660;344;885;1057;600;172;243;878;659;998;614;788;760;295;615;108;209;776;523;1046;734;749;842;564;560;594;805;614;919;876;997;277;538;699;274;1044;91;974;677;630;759;534;280;266;1051;582;914;951;576
24;383;936;338;120;255;571;616;363;853;824;364;453;564;894;947;111;36;484;416;852;397;252;570;348;0;561;760;196;767;438;755;74;532;452;671;333;263;702;230;298;176;580;225;485;701;649;162;827;780;523;289;318;337;945;819;419;413;242;607;461;777;430;446;785;69;266;377;140;503;573;853;605;456;493;636;593;246;461;273;721;534;892;267;446;378;117;807;416;774;336;724;607;193;75;490;837;453;960;639;580
25;736;713;357;652;651;964;849;739;1090;493;198;724;729;567;1178;664;569;189;717;1118;198;390;718;905;561;0;982;385;428;839;908;503;300;798;385;841;745;581;354;393;431;844;681;80;561;925;408;874;1030;166;388;245;743;1180;577;553;930;727;380;528;593;550;252;1014;610;309;912;697;358;904;703;689;303;115;966;898;318;101;349;614;43;898;726;686;247;638;570;962;639;307;1050;650;407;634;982;647;638;1173;244;858
26;381;674;645;841;506;314;147;406;108;783;849;310;253;798;199;713;795;1054;344;143;964;949;264;748;760;982;0;727;782;374;116;724;703;321;717;571;550;520;883;627;886;179;551;916;544;125;742;276;61;1072;987;822;441;200;670;436;590;564;666;453;593;436;1061;32;707;884;645;724;634;224;554;306;680;1008;196;188;846;908;942;499;938;346;525;329;749;663;662;698;529;984;186;354;887;773;523;606;355;203;833;183
27;395;767;157;311;285;619;581;389;831;635;188;423;493;707;925;285;218;359;400;843;263;227;491;525;196;385;727;0;576;485;692;126;340;466;482;458;363;545;156;132;181;558;301;306;539;637;36;727;761;390;262;142;382;925;643;313;546;345;421;334;610;320;346;756;230;158;527;319;321;586;697;503;265;343;651;593;120;284;214;568;353;782;348;398;182;253;631;577;618;258;741;490;172;270;603;672;378;931;443;565
28;714;293;430;885;702;903;693;734;881;67;484;646;568;143;950;833;793;608;666;925;575;723;549;1047;767;428;782;576;0;818;676;693;235;748;98;916;820;264;657;474;724;713;760;426;240;780;612;575;842;592;739;508;759;955;168;479;998;812;169;420;218;466;661;813;781;619;1008;866;270;807;319;485;311;531;852;783;601;441;685;292;401;567;789;604;405;783;165;1070;284;673;916;434;704;837;1010;251;542;932;184;734
29;107;844;485;492;201;135;263;99;444;849;658;179;309;894;533;363;467;845;152;430;749;670;327;376;438;839;374;485;818;0;419;427;640;79;725;197;187;617;620;446;597;214;212;760;631;249;483;554;372;875;709;617;104;530;777;340;232;205;656;397;707;352;830;388;373;638;278;365;574;152;728;399;580;822;207;186;602;743;677;615;798;633;172;217;592;324;766;338;667;732;290;437;605;428;201;749;279;553;784;200
30;396;557;588;848;509;393;156;425;204;673;793;305;199;685;277;724;790;997;345;252;911;918;202;794;755;908;116;692;676;419;0;709;619;351;618;615;576;412;848;579;862;205;563;847;436;195;711;163;177;1011;955;770;464;281;557;384;648;587;572;386;481;380;1011;143;709;844;698;739;553;288;438;219;605;945;283;248;806;841;906;388;865;238;547;308;687;669;550;756;416;943;296;262;859;778;594;490;314;266;742;219
31;357;864;264;193;230;563;578;342;821;750;305;414;514;820;915;161;104;446;381;825;354;243;517;402;74;503;724;126;693;427;709;0;458;428;597;356;272;632;199;224;169;546;219;425;630;619;95;770;748;483;281;258;323;915;746;357;442;251;533;395;705;368;417;750;106;227;415;194;429;551;783;546;382;446;616;567;199;402;252;651;474;833;266;401;307;139;734;461;704;311;705;545;178;145;510;765;400;926;568;548
32;532;459;198;650;493;746;582;546;811;296;271;488;456;369;894;601;558;438;495;844;380;500;441;824;532;300;703;340;235;640;619;458;0;580;143;706;608;285;430;244;494;588;545;258;268;665;376;574;756;437;521;284;564;897;324;307;792;597;96;262;314;298;478;736;549;396;795;635;70;665;421;401;76;368;721;651;373;262;466;318;259;598;579;446;175;554;313;855;350;465;798;357;474;603;818;375;388;885;144;605
33;71;764;441;523;198;166;195;88;404;776;627;102;229;819;497;394;485;821;85;400;726;667;247;444;452;798;321;466;748;79;351;428;580;0;657;264;229;539;611;406;597;148;232;722;554;201;470;478;331;848;706;589;120;495;700;275;309;243;589;329;629;285;813;340;393;623;352;403;512;123;648;319;526;792;188;142;586;707;669;536;757;557;204;143;551;346;689;413;588;720;278;358;603;455;281;670;205;512;725;138
34;620;331;333;790;604;816;617;639;820;153;406;557;490;226;895;734;698;552;574;861;507;641;472;948;671;385;717;482;98;725;618;597;143;657;0;818;722;221;572;376;637;634;661;367;197;704;518;536;776;542;660;425;664;899;194;385;901;713;71;328;209;373;599;750;684;536;910;767;172;724;320;413;216;476;772;702;515;378;605;253;351;542;691;515;317;684;186;972;264;599;840;363;617;740;915;262;453;880;148;654
35;240;991;520;344;214;291;458;210;635;957;646;341;481;1013;721;229;352;803;301;616;710;586;497;179;333;841;571;458;916;197;615;356;706;264;818;0;99;754;554;474;509;410;164;761;764;446;441;742;565;839;622;600;172;717;906;448;88;114;747;508;843;462;773;584;264;584;95;215;651;347;882;563;636;798;393;383;555;741;604;759;806;819;127;366;611;220;895;160;813;665;466;592;524;293;157;893;416;744;844;397
36;181;909;421;305;119;313;422;151;628;864;551;281;420;922;719;177;289;715;238;617;621;510;433;242;263;745;550;363;820;187;576;272;608;229;722;99;0;670;471;375;434;376;65;665;678;428;349;688;556;749;548;505;112;716;818;360;187;21;651;420;758;374;689;569;195;498;187;178;554;337;803;493;537;706;394;366;466;645;524;677;709;763;34;298;512;145;806;249;732;584;477;517;447;243;240;809;340;737;745;368
37;524;240;388;821;554;678;445;550;617;263;542;437;328;287;685;735;735;723;467;662;659;749;309;911;702;581;520;545;264;617;412;632;285;539;221;754;670;0;675;414;723;473;619;543;24;531;579;316;581;722;776;544;584;690;162;311;826;667;201;253;90;297;760;551;693;650;850;764;248;574;152;236;319;654;610;545;619;548;721;33;542;322;635;400;433;678;152;914;73;732;665;187;709;760;818;140;341;668;364;495
38;539;883;290;302;419;756;736;529;986;721;181;576;649;797;1080;341;227;254;550;996;170;74;647;576;230;354;883;156;657;620;848;199;430;611;572;554;471;675;0;278;77;711;417;288;666;789;142;880;915;293;107;149;515;1080;752;468;638;451;523;485;730;474;218;912;293;45;606;370;433;733;826;657;366;270;798;743;57;263;58;701;337;931;465;554;255;335;740;646;748;112;888;641;53;296;709;792;534;1086;495;717
39;343;642;46;418;267;571;484;346;734;529;225;340;381;597;827;358;328;428;328;753;336;352;377;580;298;393;627;132;474;446;579;224;244;406;376;474;375;414;278;0;313;469;309;315;410;550;164;601;667;449;386;194;354;828;521;195;562;361;310;206;483;199;433;658;307;267;558;391;206;516;567;379;168;389;580;516;230;300;333;437;352;652;349;307;146;310;509;616;488;364;667;362;303;365;600;544;272;829;372;480
40;526;940;334;229;400;732;739;511;986;788;256;576;663;863;1080;286;164;319;546;992;244;76;664;513;176;431;886;181;724;597;862;169;494;597;637;509;434;723;77;313;0;710;387;365;716;785;153;907;914;361;114;220;493;1080;811;490;589;413;584;515;784;498;275;913;244;122;551;311;489;720;875;682;426;344;785;735;126;341;101;748;415;963;432;558;319;290;799;587;796;164;875;671;24;233;666;846;548;1089;568;714
41;202;676;493;662;326;214;49;228;275;729;694;134;146;761;370;535;615;897;165;285;804;774;165;589;580;844;179;558;713;214;205;546;588;148;634;410;376;473;711;469;710;0;372;773;493;81;569;344;204;918;813;663;265;369;635;291;445;389;572;325;559;295;898;204;527;716;493;546;517;104;555;237;549;857;138;71;678;762;770;462;801;423;349;162;602;483;625;552;507;816;210;286;712;593;397;590;205;380;728;22
42;170;860;356;290;65;346;414;145;637;805;487;260;393;864;729;162;255;656;218;632;561;462;403;292;225;681;551;301;760;212;563;219;545;232;661;164;65;619;417;309;387;372;0;601;626;433;290;663;564;690;500;442;113;727;764;308;252;52;590;367;706;322;633;572;161;441;249;176;492;351;757;457;473;644;413;374;408;581;472;629;645;735;47;268;447;114;752;310;684;530;500;476;397;222;302;759;300;745;680;368
43;658;698;282;581;571;886;780;661;1024;493;120;650;663;569;1114;586;496;184;642;1050;154;334;653;828;485;80;916;306;426;760;847;425;258;722;367;761;665;543;288;315;365;773;601;0;526;854;330;823;963;179;338;167;664;1116;561;483;850;648;348;463;566;481;235;948;532;243;833;619;306;829;676;629;244;111;892;825;246;24;292;576;49;853;646;614;171;559;553;883;607;261;977;594;341;559;902;624;568;1110;243;786
44;537;236;382;821;561;696;466;562;641;240;529;452;347;268;710;737;734;707;480;686;644;740;328;918;701;561;544;539;240;631;436;630;268;554;197;764;678;24;666;410;716;493;626;526;0;553;574;340;604;705;766;532;595;715;146;318;837;675;180;259;79;304;744;575;694;639;859;767;236;593;160;256;306;637;631;564;610;531;710;56;522;345;644;413;421;681;135;924;83;720;687;207;701;760;831;136;354;692;341;515
45;266;719;575;724;394;198;87;288;203;792;776;213;214;818;297;595;683;978;239;206;885;851;232;623;649;925;125;637;780;249;195;619;665;201;704;446;428;531;789;550;785;81;433;854;553;0;647;354;130;1000;890;744;321;296;691;372;466;443;645;404;614;376;978;140;592;795;521;603;595;100;597;296;629;938;89;63;757;843;848;516;882;431;405;243;683;547;682;575;557;895;136;347;788;656;404;639;286;311;804;72
46;398;803;193;275;281;618;595;389;844;672;210;434;512;744;939;256;183;366;408;854;271;207;512;497;162;408;742;36;612;483;711;95;376;470;518;441;349;579;142;164;153;569;290;330;574;647;0;753;773;400;244;163;379;938;679;337;528;330;458;362;645;345;347;770;202;154;505;290;357;591;731;528;302;357;657;601;119;307;200;602;378;809;337;413;216;229;667;554;652;250;747;518;147;237;590;707;397;945;478;575
47;507;409;597;932;601;549;296;538;343;559;791;407;270;557;391;816;863;990;449;397;912;953;260;920;827;874;276;727;575;554;163;770;574;478;536;742;688;316;880;601;907;344;663;823;340;354;753;0;334;997;987;778;578;397;433;417;786;695;506;395;362;408;1014;298;792;867;831;836;517;440;296;224;580;929;443;400;831;822;934;285;832;79;656;394;680;758;429;892;294;962;459;239;900;863;742;357;374;366;676;363
48;396;735;688;854;524;292;183;419;73;844;891;338;302;859;167;725;813;1096;368;87;1004;979;315;739;780;1030;61;761;842;372;177;748;756;331;776;565;556;581;915;667;914;204;564;963;604;130;773;334;0;1115;1017;862;451;166;731;480;575;571;723;502;654;482;1099;37;723;919;634;732;687;219;616;362;729;1052;175;189;881;953;974;560;987;402;534;363;794;677;723;683;591;1019;139;412;916;786;502;667;397;181;889;200
49;780;872;427;590;675;1007;931;777;1180;658;224;789;821;732;1271;634;521;42;774;1201;128;298;813;870;523;166;1072;390;592;875;1011;483;437;848;542;839;749;722;293;449;361;918;690;179;705;1000;400;997;1115;0;281;258;772;1273;736;635;925;730;527;625;745;636;106;1104;584;257;896;663;483;963;854;797;417;68;1028;965;284;175;262;755;191;1030;737;756;324;622;728;939;786;203;1116;764;338;590;990;802;718;1270;408;930
50;635;979;395;324;510;845;839;622;1088;805;255;678;755;881;1183;397;274;238;650;1097;189;38;754;616;289;388;987;262;739;709;955;281;521;706;660;622;548;776;107;386;114;813;500;338;766;890;244;987;1017;281;0;237;604;1182;845;575;701;527;616;592;828;581;181;1015;358;127;661;420;532;829;926;764;463;283;894;841;158;315;56;804;383;1038;546;657;348;404;834;694;849;81;984;748;103;340;780;890;640;1190;568;818
51;521;742;182;419;421;749;679;519;929;573;47;532;574;648;1022;419;331;234;515;947;141;216;569;660;318;245;822;142;508;617;770;258;284;589;425;600;505;544;149;194;220;663;442;167;532;744;163;778;862;258;237;0;517;1023;608;388;688;487;379;388;592;390;240;853;365;111;668;452;296;705;692;563;227;204;769;707;94;144;181;573;216;822;488;501;112;393;597;717;615;188;858;539;198;393;744;654;466;1023;348;673
52;70;820;396;403;97;240;310;40;524;797;559;172;312;849;616;273;368;742;130;518;646;566;326;344;337;743;441;382;759;104;464;323;564;120;664;172;112;584;515;354;493;265;113;664;595;321;379;578;451;772;604;517;0;614;739;283;242;123;593;343;673;296;726;461;275;533;267;282;503;237;709;391;500;721;299;262;498;646;572;587;704;654;84;194;499;227;727;332;642;627;387;419;501;335;253;722;244;633;707;258
53;562;805;845;1017;690;430;345;583;94;947;1050;504;453;952;7;888;979;1255;534;101;1164;1144;462;885;945;1180;200;925;955;530;281;915;897;495;899;717;716;690;1080;828;1080;369;727;1116;715;296;938;397;166;1273;1182;1023;614;0;826;637;716;733;853;653;752;637;1261;169;888;1083;777;894;829;378;693;496;878;1208;324;352;1045;1108;1139;664;1137;443;696;527;950;841;820;822;685;1183;255;542;1082;950;634;753;556;45;1023;366
54;682;137;485;939;700;841;605;707;760;129;594;598;491;128;820;865;850;746;626;809;699;823;471;1057;819;577;670;643;168;777;557;746;324;700;194;906;818;162;752;521;811;635;764;561;146;691;679;433;731;736;845;608;739;826;0;459;981;814;228;398;76;444;793;699;819;719;1002;896;322;736;154;398;385;671;772;706;694;572;789;174;545;413;784;559;497;810;12;1066;141;788;823;350;793;883;977;85;499;799;334;657
55;235;551;208;531;243;439;297;255;544;514;413;181;186;566;636;432;454;618;190;567;529;540;181;600;419;553;436;313;479;340;384;357;307;275;385;448;360;311;468;195;490;291;308;483;318;372;337;417;480;635;575;388;283;637;459;0;524;356;315;60;398;14;628;468;395;461;543;459;238;360;451;192;260;572;418;349;423;473;525;321;510;476;326;139;313;373;447;607;376;559;499;188;484;465;531;451;85;635;451;306
56;302;1060;608;407;299;286;494;275;642;1037;734;399;536;1091;721;304;428;888;362;614;796;665;553;172;413;930;590;546;998;232;648;442;792;309;901;88;187;826;638;562;589;445;252;850;837;466;528;786;575;925;701;688;242;716;981;524;0;203;829;585;915;538;857;599;345;669;63;284;735;366;948;623;723;885;400;405;641;829;685;828;895;865;213;430;699;303;969;108;882;748;461;656;605;365;96;963;485;747;931;429
57;191;907;408;287;113;333;433;162;644;856;533;288;426;915;735;157;268;695;246;634;601;489;438;243;242;727;564;345;812;205;587;251;597;243;713;114;21;667;451;361;413;389;52;648;675;443;330;695;571;730;527;487;123;733;814;356;203;0;642;415;754;370;669;583;174;477;197;161;544;354;803;496;525;687;412;382;446;627;503;675;692;769;40;303;496;124;802;258;731;563;496;518;426;223;260;807;341;753;732;382
58;550;363;269;726;533;749;559;569;771;219;367;490;430;287;850;667;635;531;505;809;476;594;414;878;607;380;666;421;169;656;572;533;96;589;71;747;651;201;523;310;584;572;590;348;180;645;458;506;723;527;616;379;593;853;228;315;829;642;0;260;219;304;573;699;617;490;839;699;103;659;327;360;158;459;710;640;466;355;560;234;342;521;620;448;268;615;218;901;259;561;780;312;565;675;845;279;386;837;171;592
59;294;494;205;577;302;490;323;315;562;454;407;230;200;505;650;483;496;611;245;590;526;558;190;659;461;528;453;334;420;397;386;395;262;329;328;508;420;253;485;206;515;325;367;463;259;404;362;395;502;625;592;388;343;653;398;60;585;415;260;0;339;46;627;486;444;472;603;512;192;404;397;175;227;558;458;388;436;456;539;266;485;447;386;188;300;426;386;667;321;568;536;156;507;513;590;393;127;647;404;343
60;614;159;452;897;641;766;529;640;684;196;584;527;416;205;747;816;809;751;557;733;695;803;396;998;777;593;593;610;218;707;481;705;314;629;209;843;758;90;730;483;784;559;706;566;79;614;645;362;654;745;828;592;673;752;76;398;915;754;219;339;0;383;793;623;772;701;939;846;296;661;110;322;365;678;695;631;673;575;772;97;557;350;723;490;480;759;69;1003;68;777;747;275;768;837;908;62;431;726;358;582
61;247;537;209;544;257;448;299;268;545;500;414;190;185;552;635;445;466;619;201;569;531;546;178;614;430;550;436;320;466;352;380;368;298;285;373;462;374;297;474;199;498;295;322;481;304;376;345;408;482;636;581;390;296;637;444;14;538;370;304;46;383;0;630;468;408;466;557;472;229;367;437;183;254;571;424;355;429;471;530;307;506;466;340;148;313;387;433;621;362;564;504;177;492;478;544;437;90;634;442;311
62;742;930;422;500;628;965;916;735;1167;728;222;765;814;804;1260;557;439;67;745;1183;102;204;809;788;446;252;1061;346;661;830;1011;417;478;813;599;773;689;760;218;433;275;898;633;235;744;978;347;1014;1099;106;181;240;726;1261;793;628;857;669;573;627;793;630;0;1091;511;193;823;584;512;932;900;803;442;137;997;938;228;221;174;791;264;1054;681;736;334;553;784;861;827;111;1087;776;254;508;928;852;705;1262;478;907
63;403;700;676;863;530;318;175;427;76;813;881;337;285;827;169;734;819;1085;369;111;994;977;296;760;785;1014;32;756;813;388;143;750;736;340;750;584;569;551;912;658;913;204;572;948;575;140;770;298;37;1104;1015;853;461;169;699;468;599;583;699;486;623;468;1091;0;730;914;656;744;667;237;581;338;712;1040;200;203;876;940;970;529;971;365;545;358;781;685;692;707;558;1014;175;387;914;795;528;634;386;175;866;205
64;327;931;351;140;201;505;566;304;796;835;412;404;525;903;890;55;94;546;365;793;457;321;532;295;69;610;707;230;781;373;709;106;549;393;684;264;195;693;293;307;244;527;161;532;694;592;202;792;723;584;358;365;275;888;819;395;345;174;617;444;772;408;511;730;0;327;312;89;513;513;841;574;473;550;574;535;302;509;340;709;580;860;201;402;409;49;807;355;763;402;662;581;260;71;421;831;418;904;667;525
65;552;852;271;345;436;773;738;544;989;684;138;581;645;760;1083;377;268;219;558;1001;130;104;642;615;266;309;884;158;619;638;844;227;396;623;536;584;498;650;45;267;122;716;441;243;639;795;154;867;919;257;127;111;533;1083;719;461;669;477;490;472;701;466;193;914;327;0;639;407;405;744;799;647;336;228;809;751;38;219;71;677;292;916;488;556;222;365;708;682;722;99;899;627;98;336;737;763;532;1087;454;723
66;334;1087;604;356;306;346;542;305;701;1051;715;434;574;1107;781;265;387;858;395;675;769;627;590;108;377;912;645;527;1008;278;698;415;795;352;910;95;187;850;606;558;551;493;249;833;859;521;505;831;634;896;661;668;267;777;1002;543;63;197;839;603;939;557;823;656;312;639;0;241;741;420;977;657;723;861;459;458;614;811;650;855;879;909;219;461;689;276;990;64;909;713;522;687;569;321;159;988;512;807;930;479
67;345;1004;437;130;234;488;589;318;805;918;499;436;566;984;896;34;146;624;394;795;537;386;576;209;140;697;724;319;866;365;739;194;635;403;767;215;178;764;370;391;311;546;176;619;767;603;290;836;732;663;420;452;282;894;896;459;284;161;699;512;846;472;584;744;89;407;241;0;596;515;909;626;559;633;572;542;385;596;411;778;668;908;198;442;498;86;884;276;833;474;655;639;330;80;370;903;468;914;755;541
68;467;450;166;623;436;677;512;482;742;322;293;419;385;390;827;563;532;479;427;774;411;506;371;776;503;358;634;321;270;574;553;429;70;512;172;651;554;248;433;206;489;517;492;306;236;595;357;517;687;483;532;296;503;829;322;238;735;544;103;192;296;229;512;667;513;405;741;596;0;595;395;334;70;414;650;580;377;307;476;279;316;547;523;377;185;512;310;802;319;484;727;292;472;571;756;358;317;819;213;535
69;194;780;547;639;321;110;146;210;291;827;741;180;245;861;381;510;606;938;189;280;843;790;265;523;573;904;224;586;807;152;288;551;665;123;724;347;337;574;733;516;720;104;351;829;593;100;591;440;219;963;829;705;237;378;736;360;366;354;659;404;661;367;932;237;513;744;420;515;595;0;659;338;619;905;65;40;706;816;791;564;862;519;317;220;657;465;726;474;610;842;155;386;726;573;306;693;277;400;808;81
70;645;121;541;971;691;768;518;673;635;283;687;550;421;266;687;881;886;859;585;687;801;900;402;1046;853;703;554;697;319;728;438;783;421;648;320;882;803;152;826;567;875;555;757;676;160;597;731;296;616;854;926;692;709;693;154;451;948;803;327;397;110;437;900;581;841;799;977;909;395;659;0;328;465;787;684;624;770;683;870;131;667;264;769;517;580;823;154;1042;79;879;723;291;861;909;929;69;465;662;468;577
71;323;447;381;713;393;445;210;352;411;495;582;223;94;524;493;603;641;785;262;448;701;730;74;734;605;689;306;503;485;399;219;546;401;319;413;563;493;236;657;379;682;237;457;629;256;296;528;224;362;797;764;563;391;496;398;192;623;496;360;175;322;183;803;338;574;647;657;626;334;338;328;0;386;730;374;308;610;625;713;225;646;287;459;196;473;544;388;721;272;743;432;51;675;645;600;356;157;485;528;259
72;473;516;122;574;423;693;550;484;788;369;223;439;427;442;875;525;482;411;441;817;340;439;415;749;456;303;680;265;311;580;605;382;76;526;216;636;537;319;366;168;426;549;473;244;306;629;302;580;729;417;463;227;500;878;385;260;723;525;158;227;365;254;442;712;473;336;723;559;70;619;465;386;0;348;678;609;309;241;407;349;259;614;509;399;115;478;374;782;389;413;759;350;408;527;752;427;345;869;208;565
73;725;808;364;572;625;953;868;723;1116;598;164;729;756;673;1207;602;496;77;716;1138;99;291;747;842;493;115;1008;343;531;822;945;446;368;792;476;798;706;654;270;389;344;857;644;111;637;938;357;929;1052;68;283;204;721;1208;671;572;885;687;459;558;678;571;137;1040;550;228;861;633;414;905;787;730;348;0;969;905;248;107;251;687;130;961;691;695;258;585;663;906;718;201;1057;696;319;564;946;735;655;1205;347;869
74;259;805;610;699;385;118;166;274;242;868;805;241;285;898;327;569;668;1003;253;223;908;855;304;564;636;966;196;651;852;207;283;616;721;188;772;393;394;610;798;580;785;138;413;892;631;89;657;443;175;1028;894;769;299;324;772;418;400;412;710;458;695;424;997;200;574;809;459;572;650;65;684;374;678;969;0;70;772;879;856;598;923;520;377;279;720;526;762;508;640;907;90;424;791;633;328;723;333;350;863;118
75;210;746;544;665;339;149;108;230;262;800;741;175;217;832;354;535;626;941;193;258;847;803;236;560;593;898;188;593;783;186;248;567;651;142;702;383;366;545;743;516;735;71;374;825;564;63;601;400;189;965;841;707;262;352;706;349;405;382;640;388;631;355;938;203;535;751;458;542;580;40;624;308;609;905;70;0;714;813;801;533;856;479;344;212;653;488;696;513;578;850;152;357;739;597;346;660;264;371;792;49
76;515;826;237;335;400;737;700;507;950;665;131;543;607;740;1044;354;252;248;520;963;155;130;604;594;246;318;846;120;601;602;806;199;373;586;515;555;466;619;57;230;126;678;408;246;610;757;119;831;881;284;158;94;498;1045;694;423;641;446;466;436;673;429;228;876;302;38;614;385;377;706;770;610;309;248;772;714;0;222;103;646;296;880;455;518;198;338;683;658;692;138;861;591;103;318;706;735;494;1049;442;685
77;642;709;269;556;553;871;770;644;1016;509;97;637;655;585;1106;563;471;176;628;1040;134;310;645;805;461;101;908;284;441;743;841;402;262;707;378;741;645;548;263;300;341;762;581;24;531;843;307;822;953;175;315;144;646;1108;572;473;829;627;355;456;575;471;221;940;509;219;811;596;307;816;683;625;241;107;879;813;222;0;269;580;74;854;626;601;159;537;563;861;613;240;965;590;317;535;882;633;557;1103;261;775
78;597;923;340;328;476;812;794;586;1044;751;201;635;707;827;1139;384;265;220;609;1055;152;41;705;614;273;349;942;214;685;677;906;252;466;669;605;604;524;721;58;333;101;770;472;292;710;848;200;934;974;262;56;181;572;1139;789;525;685;503;560;539;772;530;174;970;340;71;650;411;476;791;870;713;407;251;856;801;103;269;0;748;339;984;519;612;292;384;778;687;793;63;946;695;80;334;760;834;592;1145;516;776
79;526;232;414;839;563;670;431;552;593;284;573;435;319;302;659;749;755;755;467;639;690;776;299;919;721;614;499;568;292;615;388;651;318;536;253;759;677;33;701;437;748;462;629;576;56;516;602;285;560;755;804;573;587;664;174;321;828;675;234;266;97;307;791;529;709;677;855;778;279;564;131;225;349;687;598;533;646;580;748;0;575;289;643;399;463;692;165;919;55;761;649;179;735;777;816;134;343;640;397;484
80;695;682;315;630;613;923;805;699;1047;468;169;681;685;543;1135;635;545;207;675;1074;195;381;674;876;534;43;938;353;401;798;865;474;259;757;351;806;709;542;337;352;415;801;645;49;522;882;378;832;987;191;383;216;704;1137;545;510;895;692;342;485;557;506;264;971;580;292;879;668;316;862;667;646;259;130;923;856;296;74;339;575;0;857;689;644;206;606;537;931;602;304;1007;607;390;609;945;613;595;1129;217;815
81;583;365;644;999;673;627;375;613;401;542;831;482;343;530;437;886;928;1026;524;457;951;1005;332;997;892;898;346;782;567;633;238;833;598;557;542;819;763;322;931;652;963;423;735;853;345;431;809;79;402;1030;1038;822;654;443;413;476;865;769;521;447;350;466;1054;365;860;916;909;908;547;519;264;287;614;961;520;479;880;854;984;289;857;0;730;467;719;828;410;970;283;1008;532;291;954;931;821;331;442;408;686;442
82;151;875;395;322;87;304;393;122;607;831;533;249;387;888;698;192;295;704;206;598;609;508;400;277;267;726;525;348;789;172;547;266;579;204;691;127;34;635;465;349;432;349;47;646;644;405;337;656;534;737;546;488;84;696;784;326;213;40;620;386;723;340;681;545;201;488;219;198;523;317;769;459;509;691;377;344;455;626;519;643;689;730;0;264;489;151;772;282;698;577;462;482;444;256;256;775;305;715;717;342
83;127;630;332;542;207;301;182;156;432;632;532;42;124;677;526;423;482;735;67;447;642;619;135;538;446;686;329;398;604;217;308;401;446;143;515;366;298;400;554;307;558;162;268;614;413;243;413;394;363;756;657;501;194;527;559;139;430;303;448;188;490;148;736;358;402;556;461;442;377;220;517;196;399;695;279;212;518;601;612;399;644;467;264;0;442;366;548;525;452;656;364;226;558;472;418;534;62;532;590;173
84;488;630;110;491;410;716;611;493;858;468;111;478;497;543;948;464;399;311;470;881;232;326;488;699;378;247;749;182;405;592;687;307;175;551;317;611;512;433;255;146;319;602;447;171;421;683;216;680;794;324;348;112;499;950;497;313;699;496;268;300;480;313;334;781;409;222;689;498;185;657;580;473;115;258;720;653;198;159;292;463;206;719;489;442;0;425;486;745;504;298;806;443;299;452;743;542;398;946;261;615
85;282;917;356;178;160;455;523;258;751;834;440;364;490;899;843;58;144;585;324;746;494;367;498;274;117;638;663;253;783;324;669;139;554;346;684;220;145;678;335;310;290;483;114;559;681;547;229;758;677;622;404;393;227;841;810;373;303;124;615;426;759;387;553;685;49;365;276;86;512;465;823;544;478;585;526;488;338;537;384;692;606;828;151;366;425;0;798;324;747;445;613;555;305;109;376;817;387;859;678;480
86;670;146;474;927;688;830;596;695;753;131;584;587;480;136;815;853;837;738;615;802;690;812;461;1044;807;570;662;631;165;766;550;734;313;689;186;895;806;152;740;509;799;625;752;553;135;682;667;429;723;728;834;597;727;820;12;447;969;802;218;386;69;433;784;692;807;708;990;884;310;726;154;388;374;663;762;696;683;563;778;165;537;410;772;548;486;798;0;1054;135;778;815;340;782;871;966;86;488;793;327;647
87;398;1151;663;378;369;393;601;369;749;1114;764;497;637;1171;826;305;422;900;459;720;812;661;653;91;416;962;698;577;1070;338;756;461;855;413;972;160;249;914;646;616;587;552;310;883;924;575;554;892;683;939;694;717;332;822;1066;607;108;258;901;667;1003;621;861;707;355;682;64;276;802;474;1042;721;782;906;508;513;658;861;687;919;931;970;282;525;745;324;1054;0;973;750;566;751;606;353;190;1053;576;854;988;536
88;579;178;462;893;619;717;474;606;619;264;612;487;367;269;680;804;808;789;520;668;727;822;347;974;774;639;529;618;284;667;416;704;350;588;264;813;732;73;748;488;796;507;684;607;83;557;652;294;591;786;849;615;642;685;141;376;882;731;259;321;68;362;827;558;763;722;909;833;319;610;79;272;389;718;640;578;692;613;793;55;602;283;698;452;504;747;135;973;0;803;688;229;782;831;868;83;397;658;412;529
89;649;924;364;390;530;868;838;640;1089;740;194;681;744;816;1183;447;328;160;657;1101;109;95;741;677;336;307;984;258;673;732;943;311;465;720;599;665;584;732;112;364;164;816;530;261;720;895;250;962;1019;203;81;188;627;1183;788;559;748;563;561;568;777;564;111;1014;402;99;713;474;484;842;879;743;413;201;907;850;138;240;63;761;304;1008;577;656;298;445;778;750;803;0;997;722;143;397;821;838;632;1187;498;823
90;349;844;696;783;475;176;223;363;189;927;893;327;350;952;260;654;756;1092;342;154;997;945;368;630;724;1050;186;741;916;290;296;705;798;278;840;466;477;665;888;667;875;210;500;977;687;136;747;459;139;1116;984;858;387;255;823;499;461;496;780;536;747;504;1087;175;662;899;522;655;727;155;723;432;759;1057;90;152;861;965;946;649;1007;532;462;364;806;613;815;566;688;997;0;483;881;719;379;768;414;288;938;193
91;354;406;357;719;411;491;260;382;459;444;553;258;140;475;539;614;642;754;293;497;673;715;121;759;607;650;354;490;434;437;262;545;357;358;363;592;517;187;641;362;671;286;476;594;207;347;518;239;412;764;748;539;419;542;350;188;656;518;312;156;275;177;776;387;581;627;687;639;292;386;291;51;350;696;424;357;591;590;695;179;607;291;482;226;443;555;340;751;229;722;483;0;663;652;639;312;177;528;481;308
92;531;923;321;253;406;741;739;518;987;768;233;577;660;843;1082;304;185;297;548;995;220;64;660;534;193;407;887;172;704;605;859;178;474;603;617;524;447;709;53;303;24;712;397;341;701;788;147;900;916;338;103;198;501;1082;793;484;605;426;565;507;768;492;254;914;260;98;569;330;472;726;861;675;408;319;791;739;103;317;80;735;390;954;444;558;299;305;782;606;782;143;881;663;0;254;681;830;545;1090;546;716
93;392;997;407;69;269;556;633;367;860;893;439;473;595;962;952;66;69;550;433;854;466;307;603;280;75;634;773;270;837;428;778;145;603;455;740;293;243;760;296;365;233;593;222;559;760;656;237;863;786;590;340;393;335;950;883;465;365;223;675;513;837;478;508;795;71;336;321;80;571;573;909;645;527;564;633;597;318;535;334;777;609;931;256;472;452;109;871;353;831;397;719;652;254;0;450;897;489;968;714;590
94;297;1045;644;497;333;210;445;276;564;1044;789;381;509;1093;639;386;509;955;351;533;861;743;527;266;490;982;523;603;1010;201;594;510;818;281;915;157;240;818;709;600;666;397;302;902;831;404;590;742;502;990;780;744;253;634;977;531;96;260;845;590;908;544;928;528;421;737;159;370;756;306;929;600;752;946;328;346;706;882;760;816;945;821;256;418;743;376;966;190;868;821;379;639;681;450;0;951;477;667;960;378
95;660;100;514;957;694;801;556;687;691;214;645;569;450;200;747;874;870;809;602;742;755;865;430;1051;837;647;606;672;251;749;490;765;375;670;262;893;809;140;792;544;846;590;759;624;136;639;707;357;667;802;890;654;722;753;85;451;963;807;279;393;62;437;852;634;831;763;988;903;358;693;69;356;427;735;723;660;735;633;834;134;613;331;775;534;542;817;86;1053;83;838;768;312;830;897;951;0;478;724;408;612
