PARÂMETROS
300;12;20;35
COORDENADAS
0;710;88
1;634;459
2;199;97
3;867;188
4;726;60
5;447;8
6;559;293
7;767;657
8;438;898
9;811;648
10;214;60
11;259;238
12;675;62
13;752;142
14;809;353
15;903;491
16;275;447
17;565;998
18;305;811
19;45;251
20;923;532
21;776;480
22;139;710
23;477;393
24;769;337
25;495;941
26;702;291
27;597;204
28;65;913
29;274;817
30;112;256
31;45;407
32;45;376
33;249;576
34;858;594
35;872;997
36;312;247
37;77;260
38;974;472
39;157;815
40;970;924
41;824;486
42;297;326
43;945;795
44;208;632
45;127;3
46;763;550
47;917;930
48;313;129
49;686;405
50;168;211
51;431;44
52;731;246
53;462;694
54;885;185
55;481;56
56;331;703
57;854;747
58;635;191
59;418;740
60;174;493
61;426;797
62;940;239
63;123;346
64;629;390
65;316;167
66;197;48
67;216;951
68;931;410
69;734;886
70;613;683
71;312;252
72;910;773
73;97;239
74;766;325
75;10;965
76;181;218
77;325;936
78;676;763
79;210;331
80;687;199
81;798;622
82;844;982
83;846;909
84;329;309
85;73;213
86;325;771
87;690;86
88;941;703
89;784;593
90;456;561
91;221;548
92;735;908
93;197;269
94;995;5
95;775;624
96;655;586
97;936;114
98;995;350
99;600;90
100;296;673
101;406;471
102;488;420
103;205;1000
104;225;663
105;946;659
106;411;72
107;255;458
108;332;77
109;515;534
110;314;590
111;776;810
112;857;102
113;808;766
114;822;606
115;868;2
116;717;383
117;527;49
118;182;943
119;126;173
120;19;189
121;507;335
122;32;627
123;18;554
124;928;796
125;689;273
126;555;787
127;867;146
128;507;857
129;82;603
130;794;462
131;535;123
132;179;466
133;974;531
134;242;406
135;858;846
136;622;637
137;858;934
138;437;461
139;546;353
140;450;763
141;268;627
142;408;6
143;905;360
144;683;228
145;240;554
146;250;545
147;649;376
148;506;456
149;50;102
150;562;516
151;176;206
152;35;309
153;260;443
154;512;242
155;902;632
156;816;486
157;914;717
158;910;816
159;980;733
160;491;61
161;610;650
162;57;910
163;703;405
164;366;732
165;952;610
166;84;429
167;244;480
168;107;683
169;412;53
170;191;700
171;212;873
172;164;639
173;745;596
174;634;827
175;128;207
176;820;34
177;679;395
178;9;255
179;945;722
180;189;884
181;316;693
182;619;401
183;823;853
184;139;97
185;217;867
186;658;65
187;190;454
188;558;326
189;479;355
190;185;70
191;581;471
192;239;181
193;153;848
194;67;986
195;22;488
196;85;658
197;495;715
198;14;144
199;104;779
200;101;883
201;945;83
202;380;914
203;897;53
204;382;425
205;463;927
206;472;388
207;138;545
208;111;266
209;711;368
210;620;900
211;743;955
212;337;109
213;331;778
214;585;568
215;72;320
216;512;700
217;35;683
218;361;552
219;604;925
220;667;627
221;77;466
222;457;975
223;703;65
224;268;613
225;258;563
226;243;214
227;854;729
228;813;607
229;53;949
230;635;366
231;419;360
232;432;573
233;388;223
234;997;985
235;645;991
236;93;790
237;954;654
238;819;479
239;926;643
240;847;290
241;963;568
242;436;628
243;488;303
244;67;206
245;919;102
246;774;74
247;335;76
248;160;35
249;551;113
250;115;363
251;706;257
252;48;406
253;557;184
254;972;546
255;811;199
256;341;974
257;730;716
258;651;564
259;598;519
260;55;337
261;587;322
262;379;726
263;1000;537
264;739;825
265;918;499
266;650;97
267;650;735
268;338;782
269;62;629
270;215;40
271;688;968
272;235;817
273;335;487
274;376;219
275;235;149
276;903;583
277;996;801
278;869;804
279;843;654
280;800;913
281;350;962
282;938;689
283;91;380
284;476;103
285;120;508
286;410;197
287;800;687
288;197;156
289;375;203
290;892;453
291;886;556
292;802;899
293;468;854
294;481;240
295;135;943
296;375;305
297;619;703
298;52;577
299;474;431
DISTÂNCIAS
DE/PARA;0;1;2;3;4;5;6;7;8;9;10;11;12;13;14;15;16;17;18;19;20;21;22;23;24;25;26;27;28;29;30;31;32;33;34;35;36;37;38;39;40;41;42;43;44;45;46;47;48;49;50;51;52;53;54;55;56;57;58;59;60;61;62;63;64;65;66;67;68;69;70;71;72;73;74;75;76;77;78;79;80;81;82;83;84;85;86;87;88;89;90;91;92;93;94;95;96;97;98;99;100;101;102;103;104;105;106;107;108;109;110;111;112;113;114;115;116;117;118;119;120;121;122;123;124;125;126;127;128;129;130;131;132;133;134;135;136;137;138;139;140;141;142;143;144;145;146;147;148;149;150;151;152;153;154;155;156;157;158;159;160;161;162;163;164;165;166;167;168;169;170;171;172;173;174;175;176;177;178;179;180;181;182;183;184;185;186;187;188;189;190;191;192;193;194;195;196;197;198;199;200;201;202;203;204;205;206;207;208;209;210;211;212;213;214;215;216;217;218;219;220;221;222;223;224;225;226;227;228;229;230;231;232;233;234;235;236;237;238;239;240;241;242;243;244;245;246;247;248;249;250;251;252;253;254;255;256;257;258;259;260;261;262;263;264;265;266;267;268;269;270;271;272;273;274;275;276;277;278;279;280;281;282;283;284;285;286;287;288;289;290;291;292;293;294;295;296;297;298;299
0;0;378;511;186;32;274;254;571;854;569;496;475;43;68;282;446;564;921;828;684;492;397;844;383;255;879;203;161;1047;849;621;737;724;671;527;923;428;655;465;913;875;414;476;745;740;589;465;867;399;317;555;282;159;654;200;231;722;674;127;714;671;763;275;641;312;401;514;994;390;798;602;430;713;631;243;1122;544;931;675;555;113;541;903;832;440;649;784;20;656;510;536;671;820;543;296;539;501;227;387;110;716;488;399;1042;752;617;299;586;378;486;639;725;147;685;529;179;295;187;1004;590;698;319;866;834;740;186;715;167;795;812;383;178;651;515;565;772;556;858;462;311;723;697;312;334;142;661;648;294;420;660;452;546;710;573;250;576;411;661;754;699;220;570;1049;317;730;575;712;608;847;300;802;929;775;509;742;594;122;308;720;676;951;721;325;773;571;921;56;635;282;353;525;404;480;942;1104;795;845;662;698;919;1001;235;889;190;470;874;382;732;624;280;816;867;373;787;496;678;643;899;580;843;540;737;922;24;686;655;483;656;529;1083;287;398;559;349;941;905;934;616;405;595;244;542;605;309;653;209;65;375;552;160;655;169;734;180;527;150;959;628;479;445;700;264;718;534;737;460;60;649;787;844;497;880;870;547;358;478;531;768;733;581;829;945;642;684;234;724;319;605;517;354;407;500;816;803;274;1030;399;621;819;416
1;378;0;565;357;409;488;182;238;480;258;579;435;399;338;204;270;359;543;481;624;298;143;555;170;181;501;181;257;727;507;560;591;594;402;261;588;385;591;340;595;573;191;362;457;459;681;157;549;460;74;527;461;234;291;371;431;389;362;268;354;461;396;376;523;69;431;599;645;301;438;224;382;418;580;188;803;513;568;306;442;265;231;563;497;339;612;439;377;392;201;205;422;460;476;580;217;128;458;377;370;400;228;151;690;457;370;446;379;486;140;345;378;420;352;238;513;112;423;662;582;671;177;625;623;447;193;337;390;417;570;160;350;455;347;395;447;178;525;197;137;355;402;506;288;236;405;393;84;128;684;91;523;617;374;248;318;183;380;451;441;422;192;732;87;382;352;550;390;572;462;504;591;503;176;368;565;463;78;657;407;615;394;59;436;613;583;394;444;153;186;594;54;483;618;774;612;583;291;695;619;681;487;521;483;254;498;176;503;557;119;441;507;459;439;119;578;270;639;288;466;171;557;545;399;397;390;461;348;232;760;93;236;231;340;639;532;634;374;186;345;271;346;260;213;620;456;409;485;635;355;527;214;588;285;349;314;592;274;106;69;591;144;369;374;380;286;362;276;438;596;592;511;536;300;352;505;296;498;417;285;483;577;381;548;389;516;344;282;531;364;258;270;470;428;267;695;301;244;593;162
2;511;565;0;674;528;263;409;797;835;823;39;153;477;554;661;806;358;972;721;217;844;692;615;406;618;894;539;412;826;723;181;346;318;481;825;1123;187;203;860;719;1130;736;249;1021;535;118;723;1099;118;576;118;237;552;652;691;284;620;922;446;679;396;735;754;260;520;136;49;854;796;953;717;191;981;174;611;888;122;848;819;234;498;796;1095;1038;248;171;685;491;958;766;530;451;972;172;801;780;668;737;835;401;584;427;433;903;566;934;213;365;134;539;506;917;658;904;804;675;591;331;846;105;202;389;555;491;1009;520;776;669;820;519;698;337;369;888;311;997;685;1065;434;431;711;534;227;753;501;458;450;529;472;149;554;111;268;351;344;883;729;946;1011;1007;294;689;825;590;656;911;351;385;593;217;603;776;543;739;849;130;624;564;247;973;787;607;518;980;60;770;460;357;425;380;30;534;93;752;898;429;572;685;190;688;792;746;836;699;375;870;399;452;190;579;906;1015;138;693;608;256;679;608;482;921;707;388;915;505;520;469;125;910;798;864;512;342;529;227;1193;999;701;938;728;909;676;897;581;354;171;720;575;137;73;352;278;531;343;368;893;620;888;815;649;580;279;448;654;913;906;823;451;781;698;549;59;998;720;413;214;63;855;1063;974;851;1013;878;946;302;277;418;233;842;59;205;779;826;1003;803;316;848;272;737;502;432
3;186;357;674;0;190;456;325;479;829;463;665;610;229;123;174;305;646;864;839;824;348;305;895;440;178;839;194;270;1081;864;758;850;843;729;406;809;558;793;303;947;743;301;586;611;794;762;376;743;557;282;699;459;147;648;18;407;743;559;232;711;757;751;89;760;312;551;684;1002;231;710;556;558;586;771;170;1156;686;923;605;672;180;439;794;721;551;794;796;204;520;413;555;739;732;674;223;445;450;101;206;284;749;540;444;1047;798;477;470;668;546;493;683;628;86;581;420;186;246;367;1019;741;848;388;943;924;611;197;675;42;759;887;283;338;742;359;661;658;511;746;509;360;710;742;493;176;188;726;712;287;449;821;447;691;840;658;359;445;302;531;629;556;396;528;1085;272;739;430;819;688;906;474;848;947;835;425;680;739;161;279;860;539;971;747;326;666;733;939;242;727;338;422;692;402;628;972;1129;896;912;645;854;965;1034;130;874;138;539;842;442;811;760;238;753;776;535;797;473;805;623;968;623;782;482;837;887;205;734;715;624;541;422;1114;292;479;580;480;807;833;980;474;294;458;103;391;615;396;800;100;147;543;723;324;772;175;847;310;373;57;945;545;433;426;825;310;726;373;649;315;235;588;795;917;668;800;891;610;491;633;396;626;616;466;728;930;506;799;400;812;457;503;670;492;266;368;713;776;389;1051;505;571;903;462
4;32;409;528;190;0;283;286;598;886;594;512;499;51;86;304;465;594;951;860;707;511;422;875;415;280;910;232;193;1079;881;644;764;750;702;550;948;454;679;480;945;897;437;504;766;771;601;491;890;418;347;578;295;186;686;202;245;754;698;159;746;701;795;278;667;343;423;529;1026;405;826;633;456;736;653;268;1153;567;963;704;582;144;566;929;857;468;670;816;44;677;536;569;702;848;568;274;566;530;216;395;129;748;520;431;1074;783;638;315;616;394;518;671;751;137;710;554;153;323;199;1037;610;718;351;896;863;763;216;746;165;826;842;407;201;681;532;594;797;586;883;494;343;755;728;322;349;173;692;679;325;453;677;484;569;734;603;280;598;435;683;778;719;235;601;1081;345;762;594;740;639;878;314;834;961;806;536;772;615;97;338;743;697;983;754;357;798;588;954;68;665;314;384;541;435;501;974;1136;823;876;694;716;950;1033;220;921;171;501;906;414;762;648;308;846;895;392;819;527;703;674;930;612;873;570;765;953;23;718;687;506;681;553;1115;319;429;591;375;963;934;966;636;429;616;259;560;637;340;674;197;50;391;566;182;682;198;761;209;544;162;991;656;509;476;725;296;750;550;765;479;84;679;819;874;511;908;902;578;384;499;552;788;757;605;856;977;663;711;253;753;344;631;537;379;426;521;842;834;304;1062;428;651;849;448
5;274;488;263;456;283;0;306;723;890;736;238;297;234;333;500;664;471;997;815;469;707;575;766;386;460;934;380;246;982;827;416;566;545;601;715;1076;274;447;702;857;1054;608;351;931;668;320;627;1034;180;463;345;39;370;686;472;58;704;843;262;732;556;789;544;468;423;206;253;970;629;923;695;278;894;419;449;1052;338;935;788;400;306;707;1051;985;323;426;772;255;852;675;553;585;944;361;548;697;614;500;645;173;681;464;414;1021;691;820;73;489;134;530;597;866;420;839;705;421;462;89;971;360;464;332;745;694;923;358;786;442;851;698;571;144;530;742;447;933;652;1013;453;358;755;644;39;577;322;583;571;419;451;407;520;335;510;473;242;772;603;848;931;899;68;662;982;472;728;785;555;513;755;57;737;896;691;659;840;375;373;451;502;870;913;697;428;924;320;889;218;514;336;348;269;482;270;889;1049;641;744;708;453;843;940;503;908;452;422;919;380;619;423;446;908;992;149;778;576;487;695;790;550;930;656;588;967;262;630;586;289;827;701;1020;404;353;565;222;1121;1002;858;821;600;795;489;761;620;297;428;481;333;131;288;147;486;359;563;207;751;411;971;762;592;532;511;343;721;765;867;680;221;754;781;730;234;989;836;491;222;254;733;964;900;757;971;958;839;514;99;597;192;765;290;207;629;702;959;846;234;985;305;715;692;423
6;254;182;409;325;286;306;0;419;616;435;416;305;258;245;257;396;323;705;576;515;435;286;591;129;214;651;143;96;792;596;448;526;520;419;424;770;251;483;451;658;753;327;264;633;487;520;328;730;295;169;399;279;178;412;343;249;469;541;127;468;433;521;384;439;119;273;437;742;389;618;393;250;594;465;209;867;385;684;484;351;158;406;745;679;230;492;532;244;560;375;287;423;639;362;522;395;308;417;439;207;462;234;145;790;498;532;265;345;313;244;385;560;353;534;408;424;181;246;751;449;549;66;623;600;623;131;494;341;566;568;289;171;417;478;336;628;349;707;207;61;482;442;324;352;140;412;398;122;171;543;223;392;524;334;69;482;321;552;629;608;241;360;795;182;479;504;494;366;596;281;548;675;525;355;539;439;367;157;551;577;697;468;123;619;463;668;248;402;33;101;435;179;339;687;849;571;598;426;565;665;746;439;646;414;220;641;128;490;448;169;610;687;288;535;276;487;409;653;326;633;351;512;689;269;432;404;325;526;403;828;105;155;307;184;818;703;681;535;319;507;288;488;356;71;499;407;306;311;475;180;449;151;523;109;484;268;715;456;286;229;505;40;468;504;561;413;216;451;536;599;427;687;616;296;197;354;449;670;597;459;665;700;548;476;207;488;177;461;387;204;369;419;652;568;94;776;184;414;581;162
7;571;238;797;479;598;723;419;0;407;44;813;658;602;515;306;214;534;396;486;828;199;177;630;392;320;393;371;483;747;518;768;764;774;524;110;355;612;796;277;630;335;180;574;225;559;915;107;311;696;264;746;699;412;307;486;665;438;125;484;358;615;368;452;715;300;665;834;624;296;231;156;609;184;789;332;817;732;522;139;645;464;46;333;264;559;823;456;576;179;66;325;556;253;689;690;33;132;568;382;591;471;406;366;658;542;179;684;549;725;280;457;153;562;116;75;662;278;653;651;803;882;413;735;756;212;391;248;520;328;687;196;582;618;242;581;209;146;291;383;375;334;499;743;327;437;536;528;304;329;906;248;743;810;550;487;137;177;158;213;226;656;157;753;260;407;190;720;552;660;700;577;595;603;64;215;781;625;276;858;189;620;452;295;203;841;588;601;611;391;417;826;263;710;643;773;763;682;278;911;674;703;600;464;617;449;406;399;638;763;294;284;298;696;452;202;772;258;732;419;313;104;715;444;595;500;517;686;112;67;771;319;457;345;576;400;355;686;187;185;159;375;215;332;450;832;575;583;724;869;585;715;404;761;517;233;460;531;69;148;218;780;380;394;262;170;218;572;140;446;705;827;320;555;464;587;735;154;270;178;76;258;516;173;730;625;663;582;44;758;599;239;156;244;358;505;693;526;154;719;370
8;854;480;835;829;886;890;616;407;0;449;867;683;868;818;659;617;479;161;158;757;607;537;353;506;651;71;661;711;373;182;720;628;653;373;518;445;663;733;684;293;532;564;589;517;351;947;476;480;779;551;738;854;714;205;841;843;222;442;733;159;483;101;828;635;542;741;883;228;693;296;277;658;488;741;660;433;726;119;273;611;742;453;414;408;599;776;169;850;539;461;337;411;297;673;1052;434;380;928;781;824;266;428;480;254;317;561;826;476;827;372;332;349;899;392;482;993;585;853;259;789;823;567;488;542;500;673;161;865;80;462;562;781;503;649;529;423;319;421;437;555;135;319;892;712;713;396;399;563;447;885;401;739;713;488;660;534;559;509;479;566;838;301;381;559;180;589;587;460;394;845;316;227;377;430;208;757;944;557;772;536;249;238;528;387;854;223;861;508;584;544;865;450;744;289;381;584;426;191;865;354;337;959;60;961;476;38;511;463;711;596;182;310;795;160;361;684;211;456;354;168;354;562;79;874;331;380;711;449;474;388;567;538;325;676;565;226;361;570;566;550;732;620;270;597;785;930;889;828;906;793;624;694;627;723;639;792;123;344;396;411;679;594;181;667;309;624;828;267;153;462;886;259;218;423;681;776;561;566;441;472;362;108;541;623;795;503;701;419;780;697;635;563;364;53;659;306;596;266;502;468
9;569;258;823;463;594;736;435;44;449;0;837;687;601;509;295;181;572;427;531;862;161;171;674;420;313;430;373;492;791;562;801;803;812;566;71;354;640;830;239;674;318;162;606;198;603;940;109;301;719;273;777;713;409;352;468;677;483;107;489;403;655;412;428;751;315;690;858;667;266;250;201;637;159;822;326;861;762;564;177;679;465;29;335;263;589;856;501;574;141;61;365;598;270;721;668;43;167;548;350;596;515;441;395;700;586;135;701;587;745;317;500;165;547;118;43;648;281;662;694;833;915;436;779;798;188;394;291;505;368;730;186;593;657;200;618;203;189;289;418;396;378;543;758;302;439;578;570;316;360;936;281;773;846;587;504;92;162;123;195;189;668;201;798;265;452;146;759;591;704;716;622;639;647;84;251;813;614;285;893;153;665;497;312;205;869;633;602;650;409;442;852;290;738;687;817;805;726;323;942;719;747;580;506;601;483;446;427;680;797;297;316;314;717;497;239;808;303;776;460;345;145;756;481;592;544;559;714;91;41;815;332;486;386;599;384;381;731;143;169;115;359;171;375;472;865;556;575;744;894;594;752;404;800;528;190;449;571;105;180;249;817;395;438;219;191;183;574;183;491;749;851;342;600;502;610;762;112;240;166;32;265;557;133;768;639;705;603;40;786;622;211;118;251;400;524;737;554;199;762;400
10;496;579;39;665;512;238;416;813;867;837;0;183;461;544;663;812;391;1001;756;255;851;701;654;424;620;924;539;409;865;759;220;385;358;517;836;1144;211;242;864;757;1148;744;278;1036;572;104;735;1118;120;584;157;217;549;680;682;267;653;938;440;709;434;766;747;300;530;147;20;891;797;976;739;215;996;213;612;927;161;883;841;271;493;810;1116;1058;274;208;719;476;970;780;556;488;995;209;782;795;686;724;833;387;618;453;452;940;603;945;197;400;119;561;539;937;644;922;817;656;597;313;883;143;233;401;595;531;1025;520;803;658;849;558;705;327;407;894;347;1016;706;1085;458;442;741;569;201;753;498;494;486;537;492;169;573;150;306;385;349;894;737;960;1027;1019;277;710;864;598;688;920;391;421;632;198;640;813;581;754;874;170;606;573;282;986;824;641;529;999;83;807;444;394;434;396;30;551;123;790;937;469;611;712;216;727;830;731;869;683;401;902;417;490;230;584;932;1039;132;727;629;296;705;648;513;948;725;428;946;489;555;504;156;925;811;903;520;363;557;238;1211;1025;739;948;735;920;673;905;609;366;207;706;560;122;59;341;318;529;383;364;900;612;922;834;667;598;319;455;686;919;927;829;437;803;732;588;20;1024;757;443;226;91;865;1077;991;865;1034;912;959;342;265;457;239;858;97;215;783;835;1024;833;322;886;293;759;541;453
11;475;435;153;610;499;297;305;658;683;687;183;0;451;502;561;691;209;819;574;214;726;570;487;267;519;741;446;339;702;579;148;272;254;338;696;975;53;183;752;585;987;617;95;883;397;269;592;954;121;458;94;259;472;499;628;287;470;783;378;526;268;583;681;173;400;91;199;714;693;803;568;54;842;162;514;768;80;701;670;105;429;661;946;891;99;187;537;457;825;633;378;312;821;69;772;644;527;688;744;371;436;275;292;763;426;805;225;220;176;391;356;771;613;761;672;653;480;327;709;148;244;266;450;397;871;431;623;614;666;405;580;299;241;772;168;853;539;918;285;309;558;389;275;657;424;316;307;413;329;249;411;88;234;205;253;754;609;811;870;874;291;541;701;474;505;786;259;242;470;240;466;636;412;603;698;134;596;448;250;839;649;458;395;834;185;630;434;226;311;249;183;397;60;619;772;344;454;532;262;562;664;703;686;664;223;718;260;329;150;470;754;865;150;544;463;204;526;498;330;768;563;291;763;476;375;325;28;771;665;740;397;201;377;129;1050;846;576;809;609;780;590;777;428;238;194;673;540;178;225;317;190;447;269;302;776;553;740;671;509;440;226;338;502;799;758;708;415;632;549;437;202;846;579;260;118;92;730;927;832;717;865;729;815;219;255;303;156;703;102;121;668;703;855;650;222;715;133;588;397;288
12;43;399;477;229;51;234;258;602;868;601;461;451;0;111;320;485;555;942;835;657;531;430;840;385;290;897;230;162;1047;854;595;718;703;667;562;955;407;629;507;913;911;449;461;781;736;551;495;901;368;343;528;244;192;666;243;194;727;708;135;725;660;776;318;620;331;374;478;1000;432;826;624;409;748;604;278;1121;518;941;701;537;137;573;935;864;425;620;790;28;694;542;544;665;848;520;325;570;524;266;430;80;719;489;403;1049;750;655;264;577;343;498;639;754;186;716;563;202;323;148;1009;560;668;320;855;820;776;211;734;209;812;802;417;152;639;556;553;805;577;890;464;318;736;696;272;376;166;656;643;315;428;626;467;519;686;563;242;613;446;697;789;737;184;591;1049;344;737;614;695;600;841;263;800;933;770;538;766;565;147;333;693;713;954;725;343;804;537;926;17;623;288;352;490;419;451;943;1106;779;838;677;666;916;1001;270;901;222;466;890;384;722;599;308;839;895;341;794;513;655;658;891;581;865;565;721;938;28;685;651;457;690;562;1083;306;392;565;329;977;929;932;654;441;632;285;582;614;305;624;247;99;340;515;134;635;197;715;169;567;193;971;656;502;463;678;274;726;575;765;500;43;673;794;835;460;906;873;544;337;448;568;805;766;615;860;956;679;664;203;711;297;637;487;331;447;537;846;818;263;1033;386;643;808;420
13;68;338;554;123;86;333;245;515;818;509;544;502;111;0;218;380;566;876;804;715;425;338;835;372;195;839;157;166;1032;827;650;755;744;664;464;863;452;685;397;898;811;351;490;680;732;640;408;805;439;271;588;335;106;623;139;284;701;613;126;684;676;731;211;661;276;436;562;970;322;744;558;453;650;662;183;1108;576;901;625;574;86;482;845;772;454;682;760;83;591;452;513;668;766;569;278;482;454;186;319;160;699;477;383;1017;741;552;348;588;425;458;626;668;112;626;469;181;243;243;983;626;734;311;868;841;677;145;674;115;755;813;322;217;658;447;574;711;511;799;448;294;690;685;369;266;110;657;643;255;398;703;419;579;736;576;260;512;349;597;692;633;273;527;1035;267;705;508;727;610;841;351;791;908;769;454;695;627;127;263;751;611;931;702;291;714;614;901;121;642;267;346;571;370;514;925;1086;807;843;627;738;908;986;201;856;170;465;836;372;734;652;229;769;813;416;762;457;702;607;898;566;796;492;748;883;91;675;649;514;595;468;1067;252;398;536;372;877;855;924;550;343;530;175;475;579;309;687;171;71;422;601;203;674;123;751;199;460;82;927;574;433;407;723;244;692;466;683;393;111;601;762;844;546;828;850;541;383;517;466;702;672;520;772;913;577;702;278;730;346;547;555;381;341;435;758;766;288;1011;410;576;824;401
14;282;204;661;174;304;500;257;306;659;295;663;561;320;218;0;166;542;689;681;770;212;131;759;334;43;666;123;259;931;708;703;765;764;602;245;647;508;737;203;799;593;133;512;462;662;766;202;587;544;133;656;488;132;486;184;442;592;396;237;550;650;586;173;686;183;526;683;842;134;538;383;507;431;721;51;1006;642;757;431;599;196;269;629;557;482;749;639;292;374;241;409;619;559;617;394;273;279;270;186;335;604;419;327;885;661;335;487;563;551;345;548;458;255;413;253;355;96;414;860;706;806;302;823;816;458;144;502;214;587;768;110;357;640;242;569;495;340;583;387;263;544;606;530;96;177;603;591;161;320;799;295;649;775;556;317;294;133;378;473;416;431;357;935;118;583;294;728;579;775;497;708;791;705;251;505;696;319;136;805;393;816;598;195;500;717;784;325;627;252;330;685;256;595;821;975;798;785;479;822;823;884;302;706;312;433;670;338;697;703;99;578;605;531;639;310;737;456;841;490;607;308;740;714;306;600;589;582;378;254;962;174;390;436;440;659;658;838;334;126;312;73;264;463;324;756;274;281;549;722;352;694;140;762;303;252;154;777;371;263;268;754;224;569;265;477;182;301;413;637;796;671;626;738;492;453;609;248;485;454;302;560;762;359;718;416;706;428;334;642;459;129;217;546;606;346;895;436;398;789;343
15;446;270;806;305;465;664;396;214;617;181;812;691;485;380;166;0;629;609;678;890;45;127;794;437;204;607;283;419;938;708;825;862;865;659;112;506;639;857;73;813;438;79;628;306;709;916;151;439;692;233;786;650;299;485;306;606;610;260;402;545;729;566;254;793;292;670;833;826;85;429;347;637;282;844;215;1011;771;729;354;711;363;167;494;421;602;875;642;457;215;156;452;684;449;740;494;184;265;378;168;502;633;497;421;863;699;173;646;648;705;390;597;343;391;290;140;490;215;580;850;839;934;425;881;887;306;305;456;346;539;828;112;520;724;81;666;357;316;445;466;382;528;649;693;131;342;665;655;278;398;937;341;780;886;644;463;141;87;226;325;253;595;333;944;217;588;128;821;659;818;657;742;789;753;189;430;825;464;243;924;234;815;620;297;370;859;782;491;713;382;445;832;322;732;830;971;881;834;465;954;849;892;410;672;438;525;619;443;766;823;228;497;490;682;639;327;848;443;888;545;527;272;826;658;470;646;649;715;242;146;965;295;501;478;580;502;562;863;170;84;153;208;97;486;455;883;389;436;703;871;516;798;305;859;462;88;306;741;283;262;306;861;358;574;107;372;17;468;351;635;852;822;523;743;568;593;750;92;323;314;173;434;726;201;819;576;783;574;221;781;601;39;67;420;566;491;891;559;354;855;433
16;564;359;358;646;594;471;323;534;479;572;391;209;555;566;542;629;0;622;365;302;653;502;296;209;506;540;454;403;511;370;251;233;240;131;601;811;203;272;699;386;842;550;122;754;196;468;498;803;320;413;259;432;498;309;663;441;262;652;441;326;110;381;696;182;358;282;406;507;657;635;412;198;713;273;505;581;247;491;510;132;480;551;781;734;148;309;327;550;713;529;213;114;651;194;844;530;404;740;726;482;226;133;214;557;221;703;398;22;374;255;148;618;676;621;569;741;446;471;504;311;363;257;302;278;740;449;440;664;471;248;519;415;97;704;52;706;395;759;162;286;361;180;460;635;463;112;101;380;231;411;295;260;276;15;313;653;542;693;734;760;442;391;511;430;299;696;191;45;289;417;266;430;221;493;522;281;683;407;328;724;445;249;347;682;375;423;540;85;307;223;387;306;268;419;577;256;283;346;399;373;469;762;478;736;109;515;205;168;244;443;569;690;343;335;332;239;346;336;135;580;431;198;558;573;166;117;235;644;561;548;369;168;201;250;900;657;388;709;544;679;593;698;242;257;318;730;623;375;427;433;180;471;230;385;703;590;531;528;393;330;245;336;297;730;598;645;512;472;340;280;411;664;372;72;249;300;642;803;693;604;701;520;705;195;398;166;284;577;301;263;617;620;694;450;292;515;173;428;258;199
17;921;543;972;864;951;997;705;396;161;427;1001;819;942;876;689;609;622;0;320;910;587;559;514;611;691;90;720;794;507;342;869;787;810;527;499;307;792;884;666;447;411;573;723;430;511;1087;489;358;904;605;881;963;770;320;873;945;376;382;810;296;638;244;846;787;611;867;1018;352;692;202;318;787;411;891;702;555;869;247;259;755;808;442;279;294;728;926;330;920;477;460;450;566;192;816;1082;428;421;958;777;908;421;550;583;360;477;509;938;622;950;466;479;282;942;335;468;1041;633;949;386;934;976;665;649;704;415;735;211;903;152;623;582;875;657;620;674;330;365;299;552;645;261;475;1004;722;778;550;551;627;545;1033;482;882;869;633;757;497;570;448;390;492;939;350;515;608;332;548;745;609;555;957;478;374;538;440;184;903;997;613;928;469;392;393;599;295;996;371;937;660;672;648;1002;527;879;438;498;744;588;291;1016;510;478;990;203;1001;601;124;617;622;861;646;112;183;917;321;430;838;302;616;490;82;384;721;110;943;486;532;847;394;463;514;635;654;445;794;432;80;515;519;577;506;762;585;391;699;935;963;947;950;1044;885;778;754;785;814;608;836;225;326;442;480;834;676;329;633;245;611;905;276;313;623;1019;126;376;560;801;910;535;473;360;442;249;217;484;778;899;661;815;389;918;817;635;546;256;173;762;433;718;299;663;574
18;828;481;721;839;860;815;576;486;158;531;756;574;835;804;681;678;365;320;0;617;678;575;194;452;663;230;654;673;260;31;587;480;506;241;594;596;564;596;749;148;674;612;485;640;203;827;527;623;682;556;615;777;707;195;853;775;111;552;702;133;343;121;854;499;531;644;770;165;743;435;333;559;606;608;669;332;605;126;374;489;721;527;565;549;502;641;44;820;645;526;292;276;440;552;1061;505;416;940;829;779;138;354;431;213;168;658;746;356;734;347;221;471;898;505;556;985;594;793;180;662;684;517;329;385;623;660;251;870;207;304;600;725;367;725;409;554;361;566;374;517;152;187;811;750;694;265;271;554;407;753;391;618;570;370;605;623;605;616;605;679;772;344;267;568;99;677;441;336;235;765;159;111;222;489;329;629;932;559;629;646;137;118;516;519;733;104;825;375;547;488;750;437;633;156;295;429;267;212;727;203;216;969;127;961;393;196;454;314;578;600;327;461;702;42;370;543;234;298;264;319;406;413;223;845;201;252;600;555;547;287;554;465;269;593;713;384;213;667;611;643;751;701;225;539;650;937;873;735;789;740;486;683;479;675;717;794;166;435;425;413;535;564;112;747;434;687;792;353;43;303;776;413;70;325;596;665;639;691;564;560;505;157;644;481;728;355;622;510;663;612;687;634;504;168;597;215;510;332;344;415
19;684;624;217;824;707;469;515;828;757;862;255;214;657;715;770;890;302;910;617;0;921;766;468;454;729;823;658;553;662;610;67;156;125;383;882;1113;267;33;954;575;1143;813;262;1051;414;261;777;1105;294;659;129;438;686;608;842;477;534;948;593;615;274;665;895;122;600;283;253;720;900;936;713;267;1010;53;724;714;139;740;812;183;644;839;1082;1036;289;47;590;665;1003;814;514;345;952;153;981;819;695;901;955;577;491;422;474;765;449;989;407;294;335;548;432;920;825;920;854;859;684;522;705;112;67;469;376;304;1037;644;739;828;762;353;778;506;253;970;250;1007;694;1061;444;511;652;437;437;866;638;360;358;616;504;149;580;138;58;288;467;937;806;986;1033;1051;484;691;659;675;578;975;182;303;436;417;472;644;405;780;823;93;804;650;36;1015;649;518;593;983;180;639;640;249;518;446;228;579;206;606;735;238;408;646;111;531;634;915;742;874;379;794;448;308;67;676;867;991;324;599;626;74;647;432;436;875;726;217;833;683;425;377;201;939;846;698;601;389;503;344;1202;952;541;994;806;964;802;971;543;446;50;886;750;338;244;524;132;661;155;516;972;767;781;827;682;614;86;546;580;996;900;907;624;774;606;378;270;963;597;373;332;215;919;1098;992;893;1004;773;994;136;455;267;368;871;179;333;870;894;996;736;436;697;334;730;326;465
20;492;298;844;348;511;707;435;199;607;161;851;726;531;425;212;45;653;587;678;921;0;155;803;467;248;592;326;462;938;708;856;886;891;675;89;467;674;888;78;816;394;109;659;263;721;955;161;398;731;268;820;692;344;488;349;649;616;225;446;546;750;563;293;821;326;708;872;821;122;401;344;672;241;876;259;1010;805;721;338;740;408;154;456;384;634;907;643;503;171;151;467;702;420;772;531;174;273;418;195;547;642;520;449;857;710;129;688;672;745;408;611;314;435;260;125;532;254;624;847;874;966;460;896;905;264;349;447;390;527;843;146;563;746;51;692;320;318;407;491;417;526;661;736;172;387;683;673;315;423;973;361;815;915;668;503;102;116;185;284;208;639;334;944;254;591;83;845;680;829;700;751;788;766;189;412;858;508;279;955;191;814;627;331;336;896;781;536;737;419;477;870;347;768;832;968;902;847;465;988;855;893;449;663;479;551;606;473;785;854;268;476;459;722;641;339;877;444;900;562;506;273;848;642;516;659;665;750;208;133;964;332;532;492;617;459;536;869;125;116;111;253;53;496;491;915;430;481;744;910;560;825;350;884;505;50;351;730;266;273;325;889;396;577;77;345;33;513;340;636;866;862;495;744;589;630;787;54;278;277;145;400;716;157;845;619;803;612;197;817;639;84;44;386;557;529;888;593;348;872;460
21;397;143;692;305;422;575;286;177;537;171;701;570;430;338;131;127;502;559;575;766;155;0;677;311;143;539;202;328;832;604;700;734;738;535;140;525;519;732;198;703;484;48;503;357;587;805;71;471;581;117;664;555;238;379;314;516;497;278;321;442;602;472;291;666;172;556;722;731;170;408;260;516;322;720;155;906;650;641;300;585;294;143;506;434;478;751;536;403;277;113;330;559;429;616;523;144;160;399;254;427;517;370;294;772;580;246;547;521;599;266;474;330;386;287;134;486;113;497;753;718;811;305;758;761;350;224;378;346;463;704;25;430;597;204;539;375;219;461;339;262;431;528;600;176;268;541;530;164;271;818;217;659;760;517;355;197;40;274;361;325;506;237;837;104;481;218;693;532;699;561;625;687;632;120;374;703;448;128;799;295;712;506;175;375;743;679;431;586;266;322;719;195;614;723;871;754;713;366;832;735;786;431;587;443;397;545;317;641;698;129;448;476;574;535;210;721;343;768;421;477;183;699;588;421;525;524;595;260;132;861;181;376;356;465;551;527;750;248;43;221;202;206;370;338;760;404;406;598;759;430;671;233;731;368;206;283;658;240;150;182;735;246;467;231;346;143;403;284;532;729;712;495;637;441;477;634;163;389;337;186;433;643;264;692;481;656;462;208;663;487;119;133;419;484;380;790;437;272;730;305
22;844;555;615;895;875;766;591;630;353;674;654;487;840;835;759;794;296;514;194;468;803;677;0;463;732;424;701;682;216;172;454;317;346;173;728;787;494;454;868;106;858;720;415;810;104;707;644;808;606;626;499;727;752;323;912;738;192;715;717;280;219;299;929;364;585;571;664;253;846;620;474;489;773;472;735;285;493;292;539;385;749;664;755;734;443;501;195;832;802;655;350;181;628;444;1108;641;530;995;928;772;161;358;453;297;98;808;693;277;661;415;212;644;940;671;690;1016;664;766;236;537;534;525;135;197;793;702;423;920;396;121;700;708;247;853;320;731;488;753;388;541;315;153;753;842;726;185;198;609;446;614;465;505;414;293;598;766;713;775;778;841;738;474;216;641;228;819;286;252;41;711;52;178;75;616;508;503;959;625;473;806;181;177;570;698;613;175;827;261;568;491;641;502;538;138;285;250;74;356;579;77;177;1021;315;1003;374;389;463;165;444;666;517;651;632;203;468;395;373;107;272;512;534;251;413;856;161;189;506;715;681;254;603;448;323;546;900;578;92;816;718;789;823;836;308;536;509;988;898;663;675;725;347;725;317;671;848;844;332;591;532;497;382;592;240;878;610;807;798;511;211;111;674;606;143;296;545;569;774;861;736;706;691;328;799;333;694;202;580;661;557;559;795;762;689;359;581;233;468;480;158;435
23;383;170;406;440;415;386;129;392;506;420;424;267;385;372;334;437;209;611;452;454;467;311;463;0;297;548;247;223;663;470;389;432;432;292;430;721;220;421;503;529;724;359;192;616;359;524;326;694;310;209;358;352;293;301;457;337;342;517;256;351;319;407;487;357;152;277;444;616;454;555;320;217;576;410;296;738;343;563;420;274;285;394;693;634;170;442;407;373;558;366;169;299;576;306;647;377;262;537;519;327;333;105;29;665;369;539;327;231;347;146;255;513;478;498;405;552;240;347;624;414;501;65;502;486;604;243;401;461;464;447;324;276;306;515;235;591;283;661;78;79;370;313;393;429;263;286;273;172;69;516;149;354;449;222;155;487;351;544;605;607;332;289;666;226;356;522;394;248;470;346;419;548;398;336;461;395;496;202;487;572;569;340;142;575;449;540;374;293;105;38;435;130;318;558;720;464;473;322;525;536;617;561;529;540;100;534;7;371;387;235;526;621;316;411;205;411;308;528;196;546;301;406;582;398;303;277;294;505;398;699;160;66;185;191;787;621;552;543;352;513;384;516;238;90;450;529;435;347;478;289;363;266;429;223;518;386;596;410;243;174;425;130;347;542;505;453;342;383;413;477;439;612;488;170;201;343;466;660;567;449;612;583;547;386;290;375;207;436;366;215;419;440;601;461;153;647;134;340;463;38
24;255;181;618;178;280;460;214;320;651;313;620;519;290;195;43;204;506;691;663;729;248;143;732;297;0;663;81;217;909;689;661;727;725;572;271;667;465;696;245;776;620;158;472;490;633;723;213;611;501;107;614;447;98;470;191;402;570;418;198;534;615;573;197;646;149;483;640;826;177;550;379;464;458;679;12;985;599;745;436;559;160;286;649;577;440;706;620;263;404;256;384;587;572;576;401;287;273;278;226;299;580;386;293;870;634;367;445;528;508;321;520;473;250;430;274;349;69;376;843;663;764;262;792;781;485;102;498;214;582;736;127;317;603;282;531;516;334;603;354;223;532;578;489;137;138;571;559;126;288;756;273;607;734;519;273;323;156;406;499;448;391;351;913;94;564;328;691;544;746;456;682;773;676;260;508;654;307;107;764;423;797;576;163;518;674;765;293;590;211;290;642;230;552;800;956;762;755;466;779;798;862;309;695;311;396;664;301;664;661;65;582;618;488;621;295;697;444;811;461;610;307;703;710;279;571;558;540;401;273;941;137;350;411;397;686;665;813;367;150;343;91;301;442;283;714;278;263;506;679;312;654;101;724;261;291;144;767;381;255;249;714;182;550;305;488;220;267;415;619;764;628;636;718;459;410;566;280;516;477;325;576;752;390;679;374;671;385;351;599;416;169;248;562;598;303;877;395;395;756;309
25;879;501;894;839;910;934;651;393;71;430;924;741;897;839;666;607;540;90;230;823;592;539;424;548;663;0;682;744;430;253;784;698;722;440;502;381;717;799;670;360;475;561;646;473;421;1007;474;422;832;569;799;899;733;249;850;885;289;408;762;215;551;159;831;701;567;794;941;279;687;245;283;712;447;806;672;485;788;170;253;673;766;439;351;352;653;841;240;876;505;452;381;479;242;735;1061;422;389;937;774;857;333;478;521;295;387;531;873;539;879;407;394;310;913;358;468;1010;600;892;313;852;889;606;559;614;456;695;165;877;84;533;564;818;570;630;591;375;329;363;483;590;183;387;939;711;737;463;465;585;485;949;430;801;781;550;699;511;556;475;433;527;880;312;439;574;245;564;656;524;465;891;387;291;448;426;179;820;963;576;840;500;311;305;554;339;916;287;891;574;618;586;924;477;801;354;430;654;498;226;930;423;398;968;118;974;528;34;553;533;776;612;131;248;846;231;383;751;241;527;411;110;358;632;50;900;398;446;769;416;461;442;591;585;373;725;503;158;429;541;564;523;740;598;318;638;850;940;910;879;965;829;691;715;697;759;619;806;157;325;408;434;747;625;244;646;270;611;858;257;223;533;943;194;288;481;731;833;542;520;398;451;306;146;509;691;838;572;748;396;839;747;629;548;309;91;701;360;647;268;573;510
26;203;181;539;194;232;380;143;371;661;373;539;446;230;157;123;283;454;720;654;658;326;202;701;247;81;682;0;136;890;678;591;667;662;535;340;726;392;625;326;756;687;230;406;559;600;643;266;674;421;115;539;366;53;469;211;322;554;480;120;531;565;576;243;581;123;405;560;819;258;595;401;391;524;607;72;965;526;747;472;493;93;344;705;634;373;633;610;205;476;312;365;545;617;505;409;340;298;293;298;225;557;346;249;865;604;441;364;477;427;306;489;524;244;486;337;333;93;298;833;587;690;199;749;732;553;22;517;219;598;694;194;236;551;362;474;576;355;661;314;167;535;548;409;214;65;531;518;100;256;678;265;532;667;467;196;395;225;475;564;522;312;370;893;114;554;405;633;495;712;375;654;760;640;308;540;580;282;106;693;494;784;557;137;574;595;752;230;537;148;232;562;216;475;782;941;707;717;471;703;771;843;319;701;307;346;679;249;618;591;77;614;665;407;612;300;630;450;773;429;641;337;649;726;226;540;520;465;463;334;924;100;291;390;321;754;702;787;441;221;417;145;380;429;214;640;287;228;425;599;233;591;34;664;180;371;142;772;425;277;250;648;119;541;386;535;299;200;447;611;723;547;677;703;416;333;488;354;588;539;389;629;757;462;617;293;621;306;407;522;338;249;322;616;609;226;864;327;420;710;267
27;161;257;412;270;193;246;96;483;711;492;409;339;162;166;259;419;403;794;673;553;462;328;682;223;217;744;136;0;886;692;487;588;578;509;469;839;288;523;462;752;810;362;323;685;578;511;383;793;293;219;429;230;140;508;288;188;565;600;40;565;512;617;344;494;188;283;429;838;392;695;479;289;649;501;207;961;416;780;564;407;90;463;816;747;287;524;628;150;606;431;383;509;717;405;444;456;386;350;423;114;557;328;241;887;590;573;228;426;293;340;478;631;279;600;460;338;215;170;847;472;578;158;705;676;678;115;584;276;659;651;324;102;493;499;408;693;433;775;302;157;578;535;273;345;89;499;486;179;267;556;313;421;571;413;93;525;357;603;687;653;178;446;888;227;576;539;560;448;685;238;640;771;613;419;624;469;280;207;590;624;793;563;198;687;470;764;151;477;128;191;433;267;358;782;944;641;684;521;586;757;840;368;742;335;308;735;222;571;489;199;696;765;276;632;364;537;503;738;420;721;428;582;783;174;524;493;354;584;457;922;166;236;404;209;877;788;772;574;353;548;264;516;453;147;530;337;219;291;468;101;507;121;584;44;507;214;811;528;364;315;558;118;565;522;637;435;119;533;633;683;415;769;711;385;221;366;487;718;658;512;737;797;592;535;157;565;187;523;402;222;386;455;724;662;121;871;243;499;660;258
28;1047;727;826;1081;1079;982;792;747;373;791;865;702;1047;1032;931;938;511;507;260;662;938;832;216;663;909;430;890;886;0;229;658;506;537;383;854;811;710;653;1010;134;905;870;631;887;315;912;786;852;822;802;709;942;942;453;1096;952;338;806;919;393;433;379;1104;569;769;787;875;155;1001;669;594;705;856;674;914;75;704;261;629;599;946;788;782;781;659;700;296;1036;900;786;526;396;670;657;1299;766;674;1181;1087;981;333;558;649;164;296;916;909;493;877;588;407;718;1133;757;816;1214;840;979;120;742;725;727;287;362;870;893;505;1109;445;310;857;919;461;986;537;795;621;793;585;738;413;350;969;1005;922;399;411;793;635;811;636;715;604;508;806;882;863;871;850;932;952;605;8;815;351;937;484;468;233;927;247;152;291;750;575;708;1158;803;660;900;127;333;754;760;819;158;1034;475;766;694;851;679;752;109;73;427;255;473;770;139;46;1209;315;1196;581;398;664;375;648;845;555;679;848;298;624;593;495;231;466;539;666;447;396;1061;362;399;721;810;808;37;790;656;500;761;934;585;126;925;869;902;999;961;467;742;707;1177;1098;879;883;936;552;917;507;879;978;1032;282;693;682;662;576;788;365;1007;679;948;1004;611;302;284;885;625;195;504;760;782;900;937;811;819;735;289;901;533;908;408;794;768;768;774;946;895;737;407;791;76;682;592;336;632
