PARÂMETROS
300;12;20;35
COORDENADAS
0;888;284
1;560;643
2;897;975
3;306;649
4;856;937
5;989;834
6;877;938
7;683;340
8;964;44
9;336;750
10;991;335
11;187;7
12;943;469
13;264;936
14;629;928
15;309;699
16;273;405
17;778;540
18;488;489
19;44;202
20;318;779
21;713;357
22;49;382
23;340;896
24;955;414
25;175;748
26;498;93
27;674;615
28;970;262
29;999;218
30;415;223
31;327;65
32;955;304
33;712;240
34;617;865
35;83;763
36;227;660
37;68;769
38;53;266
39;886;362
40;275;685
41;773;115
42;353;744
43;546;173
44;391;603
45;579;410
46;146;895
47;101;392
48;570;656
49;477;216
50;720;409
51;550;622
52;959;59
53;299;261
54;564;818
55;684;975
56;686;285
57;521;313
58;577;505
59;669;524
60;970;596
61;317;228
62;796;763
63;536;707
64;932;900
65;668;42
66;361;328
67;169;353
68;110;252
69;611;760
70;645;657
71;428;940
72;731;444
73;810;803
74;488;890
75;706;777
76;773;339
77;624;509
78;882;893
79;548;137
80;669;256
81;288;325
82;328;961
83;630;520
84;303;671
85;596;180
86;928;792
87;439;844
88;542;425
89;921;942
90;846;562
91;268;457
92;790;194
93;137;260
94;353;507
95;547;532
96;904;822
97;108;667
98;889;934
99;894;968
100;483;136
101;721;570
102;40;697
103;753;971
104;988;534
105;519;249
106;17;876
107;326;113
108;402;383
109;201;404
110;470;28
111;954;517
112;904;235
113;249;625
114;715;215
115;319;256
116;59;925
117;5;405
118;35;800
119;184;273
120;582;498
121;829;66
122;566;107
123;107;407
124;282;425
125;255;898
126;785;492
127;608;126
128;586;396
129;355;262
130;161;882
131;844;389
132;830;686
133;368;903
134;642;796
135;423;742
136;552;673
137;443;196
138;796;862
139;97;584
140;924;306
141;210;191
142;441;482
143;192;909
144;985;693
145;97;255
146;76;335
147;615;639
148;534;788
149;316;28
150;852;137
151;877;643
152;788;814
153;950;957
154;509;660
155;974;916
156;786;244
157;579;238
158;157;959
159;698;316
160;469;990
161;398;475
162;693;780
163;104;489
164;126;630
165;250;451
166;205;505
167;215;413
168;889;351
169;192;818
170;294;197
171;828;458
172;857;637
173;877;732
174;974;890
175;72;884
176;660;939
177;802;761
178;819;580
179;410;505
180;509;7
181;947;551
182;701;708
183;932;172
184;719;313
185;365;993
186;210;820
187;164;410
188;876;785
189;272;446
190;817;778
191;228;401
192;114;555
193;673;234
194;485;749
195;387;876
196;150;697
197;937;770
198;461;891
199;472;260
200;825;126
201;638;637
202;76;236
203;370;48
204;491;400
205;420;831
206;27;398
207;391;846
208;355;298
209;987;708
210;732;680
211;541;536
212;949;771
213;187;260
214;19;527
215;550;461
216;900;233
217;834;940
218;238;829
219;354;522
220;73;7
221;721;961
222;27;927
223;96;516
224;750;84
225;806;777
226;382;529
227;538;797
228;436;550
229;465;367
230;542;375
231;69;528
232;966;342
233;958;580
234;998;13
235;423;895
236;459;496
237;53;372
238;843;381
239;5;601
240;399;45
241;50;658
242;975;525
243;96;934
244;6;19
245;520;494
246;904;836
247;755;227
248;445;786
249;550;508
250;622;792
251;294;820
252;723;580
253;650;817
254;507;955
255;405;317
256;469;877
257;568;503
258;617;728
259;245;12
260;273;835
261;773;201
262;333;659
263;677;927
264;164;303
265;628;284
266;296;879
267;33;131
268;483;253
269;429;887
270;119;457
271;25;70
272;636;966
273;607;818
274;689;844
275;452;993
276;834;607
277;721;2
278;87;31
279;731;744
280;919;645
281;602;551
282;378;780
283;380;593
284;404;919
285;784;539
286;777;66
287;419;667
288;761;899
289;280;1000
290;713;400
291;777;613
292;973;201
293;933;241
294;385;866
295;114;76
296;608;191
297;871;593
298;264;301
299;716;896
DISTÂNCIAS
DE/PARA;0;1;2;3;4;5;6;7;8;9;10;11;12;13;14;15;16;17;18;19;20;21;22;23;24;25;26;27;28;29;30;31;32;33;34;35;36;37;38;39;40;41;42;43;44;45;46;47;48;49;50;51;52;53;54;55;56;57;58;59;60;61;62;63;64;65;66;67;68;69;70;71;72;73;74;75;76;77;78;79;80;81;82;83;84;85;86;87;88;89;90;91;92;93;94;95;96;97;98;99;100;101;102;103;104;105;106;107;108;109;110;111;112;113;114;115;116;117;118;119;120;121;122;123;124;125;126;127;128;129;130;131;132;133;134;135;136;137;138;139;140;141;142;143;144;145;146;147;148;149;150;151;152;153;154;155;156;157;158;159;160;161;162;163;164;165;166;167;168;169;170;171;172;173;174;175;176;177;178;179;180;181;182;183;184;185;186;187;188;189;190;191;192;193;194;195;196;197;198;199;200;201;202;203;204;205;206;207;208;209;210;211;212;213;214;215;216;217;218;219;220;221;222;223;224;225;226;227;228;229;230;231;232;233;234;235;236;237;238;239;240;241;242;243;244;245;246;247;248;249;250;251;252;253;254;255;256;257;258;259;260;261;262;263;264;265;266;267;268;269;270;271;272;273;274;275;276;277;278;279;280;281;282;283;284;285;286;287;288;289;290;291;292;293;294;295;296;297;298;299
0;0;486;691;686;653;559;654;212;251;722;114;753;193;902;694;712;626;278;449;847;754;189;844;821;146;850;434;394;84;129;476;602;69;181;641;936;760;952;835;78;732;204;705;359;590;333;961;794;489;416;209;478;235;589;624;720;202;368;381;324;322;573;487;550;617;327;528;722;778;550;445;801;224;524;726;525;127;346;609;370;220;601;878;349;701;309;509;717;373;658;281;643;133;751;579;421;538;868;650;684;431;331;943;700;269;370;1053;587;495;697;490;242;51;724;186;569;1047;891;996;704;373;225;367;790;622;881;232;321;322;533;941;113;406;808;568;652;514;453;585;845;42;684;488;935;420;791;813;447;615;626;151;359;539;675;533;637;109;312;994;192;820;525;532;810;836;659;717;685;67;877;600;184;354;448;612;1012;693;484;303;526;469;273;463;120;171;881;864;734;501;636;499;670;820;220;615;775;845;488;742;416;170;432;813;569;413;719;868;750;533;435;425;428;490;701;902;381;52;658;848;584;860;697;1074;825;242;499;562;621;524;431;357;854;97;304;292;767;478;839;106;938;544;917;256;1024;920;423;552;144;669;405;573;800;338;583;771;484;726;387;520;698;825;141;669;676;724;260;839;868;406;757;788;889;727;603;594;832;327;327;840;486;362;391;711;594;798;275;244;605;627;939;209;347;118;62;769;801;295;309;624;635
1;486;0;473;254;417;469;433;327;722;248;529;737;420;416;293;257;372;241;170;678;277;324;573;335;456;399;553;117;559;611;444;623;520;430;229;491;333;507;631;430;288;569;230;470;173;233;484;523;16;434;283;23;707;462;175;354;379;332;139;161;412;480;264;68;452;610;372;486;596;127;86;325;262;296;257;198;371;148;407;506;402;418;393;141;258;464;397;234;218;468;297;346;504;570;247;111;387;452;439;466;512;176;522;380;441;396;590;579;304;431;621;413;533;311;455;455;574;603;547;527;146;636;536;510;353;397;270;519;248;432;465;381;273;323;173;169;31;462;321;466;496;571;200;454;427;604;573;55;147;661;584;317;285;500;53;495;458;405;512;354;358;233;190;481;434;364;380;414;439;407;519;325;297;329;482;544;312;269;266;203;638;397;155;600;366;400;392;459;346;348;290;410;454;424;129;290;413;397;267;392;580;78;632;624;252;234;586;264;401;431;175;108;409;534;553;182;532;404;371;238;801;356;603;481;590;280;211;155;155;291;268;504;505;402;767;286;178;574;385;556;619;510;431;547;834;154;394;459;183;135;161;319;174;195;316;360;251;140;102;705;345;490;227;307;521;365;354;734;397;276;478;783;331;181;238;366;276;660;773;198;359;101;227;186;317;246;616;143;325;453;287;219;604;548;283;721;454;314;452;297
2;691;473;0;674;55;168;42;670;933;604;646;1200;508;634;272;649;845;450;635;1151;611;644;1034;562;563;756;968;423;716;763;893;1073;673;757;300;841;740;854;1102;613;686;868;591;875;628;648;755;986;456;867;593;494;918;931;368;213;721;761;568;505;385;945;234;449;82;960;840;957;1068;357;405;470;556;192;417;275;647;540;83;907;754;890;569;527;667;850;185;476;654;40;416;814;788;1043;717;564;153;846;41;7;935;441;900;144;450;818;885;1033;771;900;1038;461;740;736;781;922;839;1058;879;1000;571;911;928;972;825;646;495;896;657;895;741;588;296;533;311;528;458;901;151;890;669;1042;671;708;295;1076;1040;438;408;1111;839;332;194;55;499;97;739;802;740;688;428;706;282;930;844;832;836;883;624;722;984;521;340;243;114;830;239;234;402;676;1042;426;331;803;685;532;704;925;191;818;212;881;888;774;469;519;797;208;444;831;852;425;1104;1066;703;498;1043;522;867;281;338;565;210;1007;985;620;742;72;674;707;1271;176;871;923;903;217;681;400;627;745;697;940;636;399;967;480;649;1037;596;967;1054;904;456;802;1306;611;139;761;489;581;330;622;431;293;390;821;439;575;373;1162;639;783;646;225;994;741;608;1207;832;476;934;1256;261;329;245;445;373;988;1243;284;330;516;554;642;496;450;916;568;155;617;603;381;777;734;523;1192;835;382;924;197
3;686;254;674;0;620;707;639;487;893;105;753;652;661;290;426;50;246;484;242;518;130;500;370;249;690;164;588;369;768;816;439;584;735;576;378;250;79;266;459;647;47;709;105;533;96;362;293;328;264;465;478;245;880;388;308;499;526;398;306;383;666;421;503;237;674;706;325;326;442;324;339;315;471;527;302;419;560;347;625;566;534;324;312;348;22;551;638;236;325;681;546;195;664;424;149;267;622;198;648;668;542;422;270;550;691;453;367;536;282;266;642;661;727;61;596;393;370;387;310;395;314;783;601;313;225;254;504;603;377;390;274;597;525;261;366;149;247;473;534;218;706;467;214;283;680;446;389;309;267;621;748;571;509;713;203;719;628;493;343;514;377;196;408;257;181;205;175;252;654;203;452;555;551;577;710;331;457;508;517;177;673;648;399;787;532;349;196;278;586;205;527;259;213;553;205;241;163;642;287;422;736;332;472;604;310;214;375;214;354;683;427;260;654;406;311;308;725;602;192;135;682;519;393;248;718;516;142;275;163;323;361;266;727;655;939;272;216;375;600;304;611;256;680;354;697;264;626;616;195;281;346;171;422;382;366;346;280;299;320;639;188;647;28;463;374;486;230;585;433;267;268;643;457;345;429;373;529;768;655;435;613;311;149;92;287;490;749;114;519;351;477;472;803;748;230;604;548;567;350;478
4;653;417;55;620;0;168;21;621;899;552;616;1145;476;592;227;596;789;404;579;1095;560;597;979;517;532;706;916;369;684;733;839;1019;640;711;249;792;687;805;1046;575;633;826;538;824;572;595;711;931;400;814;545;439;884;875;315;176;673;708;514;453;359;890;184;394;84;914;784;901;1012;302;350;428;508;141;370;219;603;486;51;857;706;834;528;474;613;800;161;427;600;65;375;759;745;987;661;509;124;795;33;49;883;391;850;108;424;766;841;979;716;844;987;431;703;682;735;867;797;1003;832;944;517;871;879;917;769;602;450;848;604;840;697;548;252;489;256;474;402;848;96;837;634;986;615;664;276;1020;985;383;354;1057;800;294;140;96;444;119;696;751;699;640;390;650;226;875;791;776;781;827;586;674;929;479;300;206;127;785;196;184;358;620;992;396;276;768;638;494;656;869;153;762;163;825;834;726;415;472;745;185;397;778;811;370;1048;1013;649;448;988;473;811;263;285;509;190;951;932;565;705;22;627;651;1215;137;829;868;859;167;625;347;571;691;643;886;605;371;934;435;593;981;556;914;1002;852;428;760;1251;556;111;717;437;526;275;574;380;238;349;766;391;520;317;1108;591;740;592;179;938;691;562;1151;779;429;879;1200;221;275;191;407;330;944;1188;229;298;462;503;587;452;404;874;513;102;579;555;333;745;700;476;1136;786;344;868;145
5;559;469;168;707;168;0;152;581;790;658;499;1152;367;732;372;693;834;361;608;1136;673;551;1043;651;421;818;888;383;572;616;838;1014;531;655;373;908;781;923;1094;483;729;750;642;795;641;589;845;991;455;802;502;487;775;896;425;336;627;700;527;445;238;904;205;470;87;854;806;950;1054;385;386;570;467;181;504;288;540;488;122;824;660;866;673;476;705;762;74;550;605;127;307;813;670;1027;715;535;85;896;141;164;862;376;958;272;300;750;972;979;740;897;958;318;605;768;676;884;934;1073;954;981;527;784;841;979;816;736;398;804;595;853;829;468;217;624;349;573;465;839;195;926;531;1010;651;800;141;1063;1040;421;457;1050;710;221;201;129;510;83;623;723;841;594;542;691;300;949;886;832;850;881;493;797;942;409;237;151;57;918;345;200;305;665;956;286;314;664;586;643;779;927;123;815;180;875;918;678;511;603;850;82;531;772;726;402;1091;1000;660;569;1056;598;830;126;299;538;74;986;1017;576;607;187;751;707;1234;296;966;947;787;191;679;452;621;701;640;969;492;255;821;569;628;1043;475;1011;985;955;309;898;1276;579;85;650;546;546;369;695;367;339;496;779;521;535;386;1108;716;668;678;325;981;657;694;1186;770;562;948;1230;376;382;300;560;274;874;1207;273;201;479;613;654;591;359;796;593;237;728;514;306;633;595;604;1157;747;268;899;279
6;654;433;42;639;21;152;0;628;898;572;613;1158;473;613;248;616;805;410;594;1111;581;603;997;538;529;727;926;381;682;730;851;1031;638;717;270;813;706;826;1063;576;653;829;558;833;590;606;732;948;416;825;551;454;882;890;335;196;680;719;526;463;354;904;192;411;66;920;798;918;1029;320;364;449;515;150;391;234;607;498;45;865;713;850;549;485;633;808;154;447;612;44;377;776;749;1003;678;523;119;815;12;34;893;399;871;128;418;776;862;992;730;861;996;427;703;701;740;881;818;1021;853;960;529;873;887;935;785;623;455;855;615;854;718;549;256;510;274;494;419;859;111;856;633;1001;630;685;267;1036;1002;397;374;1069;801;295;152;75;461;99;699;760;720;647;411;666;242;893;811;793;799;844;587;695;942;482;301;206;108;806;217;192;362;636;1001;393;289;767;644;514;677;887;153;779;170;842;853;732;435;493;765;178;418;789;813;384;1065;1024;662;469;1007;494;825;254;295;523;181;967;951;578;705;43;648;668;1230;157;850;887;863;175;642;367;587;704;655;906;602;367;932;456;608;999;558;934;1012;873;424;781;1266;569;105;721;457;540;293;594;389;257;370;780;412;533;334;1121;612;744;611;200;954;699;583;1167;790;450;897;1216;242;295;210;428;333;948;1202;242;295;474;523;605;473;409;877;532;122;600;562;340;743;699;497;1151;793;345;884;166
7;212;327;670;487;621;581;628;0;408;537;308;597;290;728;590;518;415;221;245;653;570;34;635;653;281;651;308;275;297;338;292;449;274;104;529;734;557;749;634;204;534;242;521;216;392;125;772;584;335;240;78;311;393;392;492;635;55;164;196;184;384;382;437;395;612;298;322;514;579;426;319;651;114;480;583;437;90;179;587;243;85;395;715;187;503;182;514;559;164;647;275;431;181;551;369;235;530;661;628;662;285;233;735;634;361;187;854;423;284;486;377;323;244;519;129;373;855;681;794;503;187;310;260;579;409;703;183;226;112;337;752;168;375;645;457;478;357;279;534;634;243;495;280;751;464;592;607;306;472;481;264;359;485;672;364;645;140;145;812;28;684;315;440;597;627;447;505;473;206;685;414;186;344;437;622;818;599;437;275;318;375;337;368;300;45;726;673;523;485;424;458;459;608;106;454;612;641;499;594;225;256;300;615;428;201;557;658;584;330;477;343;242;506;502;689;179;241;618;661;375;694;622;880;612;264;453;355;479;324;219;145;642;283;365;454;612;272;630;165;726;409;708;345;835;749;224;543;133;505;214;456;617;243;478;639;278;578;199;393;547;642;165;473;587;520;78;663;682;218;603;576;711;627;484;504;692;306;340;671;406;385;226;535;394;642;223;289;420;564;773;67;288;321;268;604;627;166;315;420;556
8;251;722;933;893;899;790;898;408;0;944;292;777;425;1133;945;926;779;529;651;933;978;401;975;1056;370;1057;468;640;218;177;577;637;260;319;891;1137;960;1152;937;327;941;203;929;437;800;531;1180;930;727;516;439;710;15;699;871;972;367;518;601;563;552;672;738;789;856;296;666;852;878;798;691;1044;462;774;970;777;351;576;852;426;363;732;1115;581;911;392;748;956;568;899;531;809;229;854;766;641;780;1058;893;926;489;579;1131;950;490;489;1260;641;656;843;494;473;200;921;302;678;1263;1024;1197;812;593;136;402;930;781;1109;482;365;516;646;1160;365;655;1045;818;883;751;542;835;1021;265;768;682;1159;649;892;934;689;859;648;145;605;789;913;765;872;267;431;1220;380;1067;711;784;968;1022;821;888;834;316;1093;687;435;602;693;846;1225;945;735;555;720;456;507;714;131;363;1122;1081;879;746;800;748;818;991;347;852;1012;1043;726;985;537;161;676;908;594;592;956;1001;985;659;664;676;648;727;806;1061;587;199;905;1069;774;891;948;1287;988;217;749;757;865;731;594;536;1017;298;536;46;1008;677;968;358;1109;565;1101;481;1243;958;632;794;277;905;621;822;1025;587;834;1019;622;968;606;766;719;1050;247;881;928;840;412;1069;935;524;998;940;939;978;852;845;1078;577;246;877;737;602;622;940;801;1038;526;188;827;878;1175;435;598;157;199;1005;850;385;556;745;887
9;722;248;604;105;552;658;572;537;944;0;775;757;668;199;342;57;350;489;302;620;34;544;466;146;704;161;676;363;800;850;532;685;762;633;303;253;141;268;560;673;89;770;18;614;156;417;239;428;252;552;513;249;930;490;237;414;582;474;343;402;652;522;460;204;614;781;422;430;546;275;322;211;499;476;206;370;599;375;564;648;595;427;211;373;85;626;593;139;384;615;543;300;717;528;243;303;572;242;582;599;631;425;300;471;686;533;342;637;372;371;734;660;766;152;655;494;327;478;305;500;352;843;682;412;329;168;517;680;433;488;219;623;498;156;309;87;229;564;473;290;736;573;287;214;651;549;489;300;201;722;801;551;456;647;195;659;677;566;275;565;274;281;358;349;241;311;277;358;681;159;554;572;533;541;653;296;375;466;512;255;762;642;367;830;581;244;144;381;541;310;481;365;295;616;149;135;193;601;188;508;792;322;576;702;382;116;468;110;452;652;402;296;613;512;387;359;765;533;125;228;788;439;356;335;784;470;225;207;223;404;427;347;750;644;990;169;282;472;627;362;707;300;677;302;802;315;574;670;114;323;289;81;422;321;266;438;183;338;281;743;105;701;91;384;478;549;135;689;518;165;364;747;369;279;365;269;518;841;760;395;592;332;51;163;182;495;813;117;450;256;514;461;840;784;125;709;621;557;454;407
10;114;529;646;753;616;499;613;308;292;775;0;868;142;943;694;773;721;295;526;956;806;278;943;859;86;914;549;422;75;117;586;716;47;294;648;1003;830;1019;940;108;796;309;757;473;657;418;1013;891;529;527;280;526;277;695;644;709;309;470;447;373;261;682;470;587;568;436;630;822;884;570;472;826;281;501;749;525;218;406;568;485;331;703;911;405;765;424;461;750;457;611;269;733;245;857;660;485;494;943;607;640;545;357;1017;679;199;479;1114;701;590;793;604;185;132;796;300;676;1103;988;1063;809;440;314;482;886;714;926;259;436;409;640;994;156;386;843;578;698;554;565;561;928;73;794;569;983;358;897;915;483;643;741;241;328;520;623;581;581;224;423;1041;293;837;609;535;900;913;750;804;779;103;933;710;204;330;413;555;1070;688;466;299;605;583;220;472;173;272;908;919;830;464;727;475;765;904;333;653;810;915;438;768;524;266;464;920;684;504;756;966;788;637;373;431;492;438;807;990;458;136;625;900;663;974;681;1131;913;347;479;639;647;595;526;450;941;25;247;322;797;555;938;154;1021;659;994;190;1076;1034;497;508;259;708;473;587;849;363;590;786;586;752;455;542;812;874;255;733;670;827;366;882;979;514;787;880;1001;724;617;591;850;314;428;953;484;318;444;757;663;828;290;343;661;609;973;285;350;135;110;805;914;409;284;727;624
11;753;737;1200;652;1145;1152;1158;597;777;757;868;0;885;932;1021;702;407;795;568;241;783;631;399;902;869;741;322;778;823;838;314;151;823;574;959;763;654;771;291;783;683;595;755;395;629;562;888;394;753;357;667;714;773;277;894;1088;571;452;632;706;979;256;970;782;1162;482;365;346;256;864;795;963;697;1010;932;928;673;665;1126;383;542;333;964;677;674;444;1079;874;548;1188;861;457;631;257;526;636;1085;664;1162;1193;322;775;705;1117;958;410;885;174;433;397;283;921;752;621;567;281;926;437;807;266;630;644;391;407;428;893;769;437;557;305;875;759;935;914;910;771;759;318;1049;583;795;185;538;902;1052;263;346;763;854;130;677;938;1006;1218;728;1202;644;455;952;597;1022;513;923;489;625;448;498;406;781;811;218;783;919;1000;1182;884;1045;973;853;545;322;934;869;763;613;1001;813;403;1039;447;995;396;552;536;799;891;690;1069;925;381;649;774;254;187;496;856;422;863;336;1063;865;636;1079;253;546;581;747;1135;823;541;114;1093;933;517;568;987;557;864;597;454;511;534;847;960;811;918;559;388;755;621;215;665;943;931;181;589;1096;609;820;618;897;820;784;932;1000;378;914;625;839;58;832;617;668;1042;296;520;878;197;384;912;455;173;1058;913;975;1020;882;534;102;916;971;684;796;616;937;799;592;699;1060;997;656;845;809;781;881;100;459;900;303;1034
12;193;420;508;661;476;367;473;290;425;668;142;885;0;824;556;674;673;179;455;937;697;255;898;738;56;817;582;306;208;257;582;736;165;325;512;908;741;925;912;121;702;392;650;495;568;368;903;845;417;530;230;421;410;676;515;568;316;449;367;279;129;670;328;471;431;507;598;782;860;441;352;697;213;359;619;388;214;321;428;515;347;670;787;317;671;451;323;628;403;473;134;675;314;832;591;400;355;858;468;501;567;243;931;536;79;477;1011;712;547;744;646;49;237;711;341;659;994;940;966;783;362;418;522;838;662;810;159;479;364;623;884;127;244;720;444;587;441;569;419;853;164;783;502;870;227;872;877;369;518;766;344;186;378;488;474;448;274;431;926;288;704;545;399;839;832;693;738;730;129;828;703;115;188;271;422;964;548;324;166;534;633;82;340;297;272;780;812;781;323;671;333;718;833;357;536;689;825;301;640;515;362;348;897;711;457;636;918;668;612;243;298;407;302;784;925;393;239;483;791;591;985;539;1024;848;430;337;564;521;513;488;411;875;129;112;459;672;484;895;133;947;689;912;64;966;1039;423;369;306;590;394;455;737;246;454;652;559;625;376;416;834;763;317;638;529;796;365;765;970;508;662;824;1000;584;484;452;718;175;517;961;347;177;350;644;576;702;173;435;560;466;849;240;219;269;228;684;917;435;143;699;483
13;902;416;634;290;592;732;613;728;1133;199;943;932;824;0;365;241;531;648;499;766;166;732;594;85;866;208;874;520;976;1027;728;873;936;827;360;250;278;257;702;846;251;965;211;813;356;613;124;567;414;750;696;424;1118;675;322;421;775;673;532;577;783;709;559;355;668;981;615;590;701;389;472;164;678;561;228;469;784;558;619;847;791;611;68;554;267;825;679;197;581;657;691;479;909;687;438;493;650;310;625;630;829;585;327;490;828;732;254;825;569;535;931;807;949;311;850;682;205;590;266;667;541;1037;882;551;511;39;684;880;628;680;116;797;618;109;403;250;390;761;537;389;912;746;487;76;760;701;629;459;307;909;992;679;538;686;369;710;866;765;109;756;211;480;456;474;335;485;435;525;856;138;739;739;664;646;711;198;396;565;659;455;960;784;492;1014;771;115;127;535;630;490;575;536;409;812;289;136;264;693;202;707;985;478;724;894;582;188;587;155;644;758;533;486;704;680;476;554;948;570;110;423;948;457;237;452;980;564;423;307;422;603;626;452;919;779;1179;164;481;602;802;423;901;350;821;168;952;510;647;862;235;514;385;119;580;403;243;634;213;529;409;924;101;894;285;413;640;746;65;837;717;172;500;898;373;362;434;196;658;1039;922;504;716;512;193;362;141;654;1009;310;498;65;699;606;1021;964;139;872;820;697;635;453
14;694;293;272;426;227;372;248;590;945;342;694;1021;556;365;0;393;632;415;461;932;344;577;796;290;608;488;845;316;748;800;736;914;704;692;64;570;483;583;877;621;429;825;331;759;402;520;484;752;278;728;526;316;929;744;127;72;645;624;426;405;475;766;234;239;304;886;657;736;852;168;271;201;494;219;146;169;606;419;255;795;673;692;302;408;415;748;328;207;510;292;425;593;751;829;503;404;294;582;260;268;805;369;632;131;533;687;614;869;590;676;913;523;745;486;718;740;570;814;607;791;432;884;823;737;611;375;463;802;533;720;470;580;314;262;132;277;266;755;179;633;688;847;484;437;426;857;810;289;169;952;821;377;195;322;293;345;701;691;473;615;171;508;161;684;584;609;598;660;632;450;804;510;369;316;347;558;32;240;396;476;928;493;231;814;621;271;432;696;285;599;240;662;635;695;229;247;531;346;172;686;825;291;885;917;545;230;802;251;687;420;268;401;356;800;730;473;745;205;403;490;1075;97;602;673;852;232;469;159;424;584;559;688;675;478;986;208;464;800;587;704;912;638;531;533;1102;447;289;712;232;427;136;351;360;112;124;650;167;429;200;993;367;741;399;48;779;644;336;995;690;204;694;1049;38;112;103;188;380;930;1048;210;405;377;291;417;225;418;874;334;135;356;534;348;804;751;251;995;737;413;725;92
15;712;257;649;50;596;693;616;518;926;57;773;702;674;241;393;0;296;495;275;563;80;529;409;199;706;142;634;374;792;841;487;634;757;610;349;234;90;250;503;668;36;745;62;576;126;395;254;370;264;511;503;253;912;438;281;465;559;440;330;400;668;471;491;227;654;748;374;373;489;308;338;268;493;511;261;404;587;367;604;610;570;374;262;367;28;593;625;194;359;658;554;245;697;471;196;290;607;203;625;643;589;431;269;520;698;496;341;586;329;314;690;670;754;95;631;443;337;422;292;443;339;819;645;355;275;206;519;646;410;439;235;618;521;212;346;121;244;520;513;241;729;517;253;240;676;492;432;311;241;671;781;570;492;690;203;699;659;534;301;545;332;241;392;293;195;254;220;301;676;166;502;572;551;568;691;300;425;496;523;218;720;654;392;816;563;299;156;323;573;255;514;308;242;590;182;193;159;632;244;468;771;334;518;653;350;172;412;168;403;678;423;283;644;455;337;338;752;577;148;182;731;488;362;280;756;503;185;249;195;366;399;294;747;659;972;226;252;415;621;319;660;262;688;317;744;294;610;649;161;307;326;121;430;360;323;393;239;324;309;689;140;680;46;432;421;523;180;631;478;223;307;690;422;320;406;326;533;809;703;424;612;328;106;127;239;501;787;114;494;302;502;475;830;774;183;652;589;571;400;452
16;626;372;845;246;789;834;805;415;779;350;721;407;673;531;632;296;0;522;230;306;376;442;225;495;682;356;384;452;711;749;230;344;689;468;574;405;259;417;260;614;280;578;348;358;230;306;506;172;388;278;447;351;768;146;505;702;430;264;320;413;722;182;633;400;824;536;116;116;223;490;449;557;459;668;530;570;504;366;780;383;423;81;558;375;267;393;760;469;269;841;594;52;558;198;129;302;756;309;811;838;341;477;373;742;726;291;536;296;130;72;425;690;653;221;481;155;562;268;461;159;322;651;417;166;21;493;519;435;313;164;489;571;623;506;537;368;386;269;694;251;658;223;184;510;768;231;209;414;463;379;638;649;657;873;347;867;537;348;566;434;616;143;563;188;268;51;120;58;618;420;209;557;628;686;852;519;659;637;573;169;462;689;524;698;455;595;419;109;712;41;659;45;218;435;404;484;316;757;521;246;618;432;259;369;218;450;246;456;134;775;535;298;768;168;281;282;650;775;425;142;445;714;577;208;574;649;165;473;218;195;270;238;695;707;824;512;207;222;570;332;381;337;712;557;469;262;764;513;418;295;521;415;482;558;597;158;511;310;471;393;430;540;260;660;149;375;474;364;259;506;162;416;668;531;604;614;596;602;417;569;689;359;389;216;530;528;607;299;694;595;440;545;729;680;474;365;397;626;104;661
17;278;241;450;484;404;361;410;221;529;489;295;795;179;648;415;495;522;0;294;808;518;194;745;564;217;637;527;128;337;390;481;655;295;307;362;729;563;746;775;208;523;425;471;434;392;237;724;692;238;442;143;242;513;554;350;445;271;342;204;110;200;556;223;294;391;510;467;637;727;276;177;531;106;264;454;247;201;157;368;464;304;535;616;149;492;403;293;455;262;426;71;516;346;699;426;231;308;681;409;443;500;64;754;431;210;389;831;621;407;592;597;177;330;535;331;539;815;784;787;651;200;476;482;684;509;633;48;447;240;506;705;164;154;547;289;408;262;480;322;682;275;666;341;692;257;738;731;190;347;689;409;142;274;451;294;424;296;361;749;237;545;385;254;675;658;535;574;577;219;648;593;96;125;216;401;785;416;222;57;369;597;169;184;398;234;613;633;627;263;514;241;567;664;323;359;515;647;279;472;414;416;170;764;639;319;461;764;493;487;268;147;237;287;653;759;241;330;403;612;424;883;424;844;682;456;238;396;351;342;357;287;709;273;184;571;502;322;744;171;775;623;737;197;787;931;262;321;313;414;230;296;559;68;305;495;434;457;213;247;750;584;339;460;399;658;296;589;849;411;492;664;887;449;326;316;558;87;541;858;209;175;176;466;401;532;6;474;380;359;677;154;73;391;336;510;810;388;107;566;361
18;449;170;635;242;579;608;594;245;651;302;526;568;455;499;461;275;230;294;0;528;336;260;451;433;472;406;396;224;532;578;275;453;502;334;397;488;312;504;488;417;289;470;288;321;149;120;530;398;186;273;245;146;637;296;337;524;284;179;90;184;493;312;412;223;605;481;205;346;446;297;229;454;247;449;401;361;322;137;564;357;295;258;498;145;259;327;534;358;83;626;365;222;422;419;136;73;532;419;599;627;353;246;493;550;502;241;609;409;136;299;461;466;487;274;355;287;611;490;549;372;94;543;389;389;215;470;297;382;135;263;511;369;394;431;343;261;194;296;483;402;472;407;47;513;537;455;439;196;302;492;506;418;442;657;172;646;385;266;574;272;501;91;355;384;388;241;283;283;424;442;350;341;397;458;630;573;481;415;343;79;482;463;305;545;290;518;432;333;488;220;437;274;379;315;260;399;396;529;402;229;495;210;483;456;89;348;469;369;232;544;309;70;540;378;470;68;485;568;422;138;636;526;635;392;482;429;113;312;80;124;126;420;500;478;697;411;29;450;371;495;452;469;488;593;673;32;541;374;300;64;331;383;252;365;466;190;388;81;271;535;407;405;230;477;373;248;434;578;236;402;370;624;499;349;407;505;365;539;608;352;458;129;311;149;438;300;512;190;492;551;241;314;564;509;390;557;321;396;292;466
19;847;678;1151;518;1095;1136;1111;653;933;620;956;241;937;766;932;563;306;808;528;0;638;686;180;754;935;561;466;753;927;955;371;314;916;669;876;562;493;567;64;857;535;734;623;502;530;574;700;198;694;433;706;657;926;261;806;1003;647;489;613;703;1006;274;938;705;1129;644;341;196;82;795;753;831;728;973;818;876;741;656;1086;508;627;273;810;666;535;552;1062;753;545;1147;879;339;746;109;434;601;1060;469;1117;1144;443;770;495;1045;1000;477;674;295;401;255;460;962;860;470;671;280;723;206;598;156;614;796;530;214;326;727;795;569;575;316;689;821;923;772;842;659;692;399;1000;385;886;166;485;722;1061;74;136;719;763;322;810;942;963;1179;652;1172;743;536;765;663;895;447;869;293;435;323;343;271;858;633;250;824;922;987;1156;682;960;941;862;475;504;968;829;888;684;853;639;240;1015;333;964;271;359;629;702;756;506;1058;805;431;784;736;46;360;488;732;196;731;325;1070;837;598;1069;154;325;568;856;1081;656;445;197;1017;725;318;715;954;470;773;524;452;527;326;932;989;972;789;508;170;818;400;388;456;985;733;186;558;1068;711;708;591;825;666;777;863;883;378;797;604;777;276;673;729;540;962;156;589;722;71;441;785;265;133;966;834;910;890;887;705;176;875;980;658;667;515;802;813;745;597;999;832;697;840;929;889;746;144;564;914;241;966
20;754;277;611;130;560;673;581;570;978;34;806;783;697;166;344;80;376;518;336;638;0;578;479;119;734;146;709;391;832;882;564;714;794;667;311;235;149;250;577;704;103;804;49;647;190;451;207;443;280;585;546;280;963;518;249;415;616;508;377;433;677;551;478;229;625;815;453;451;566;293;349;194;531;492;203;388;632;408;575;681;629;454;182;405;109;660;610;137;418;624;570;325;751;549;274;336;587;238;591;606;663;453;289;475;713;566;316;666;404;392;766;687;799;168;689;523;297;487;283;523;385;877;716;427;355;134;548;714;467;518;187;654;520;133;324;111;256;596;485;294;768;597;321;181;672;568;505;328;216;751;835;575;471;656;225;670;710;600;241;598;259;314;375;360;243;334;296;380;713;131;582;602;557;560;665;267;377;484;539;289;795;669;389;863;614;219;115;399;558;336;499;388;302;650;169;119;186;619;181;541;826;350;594;732;416;114;479;99;482;672;425;329;631;535;391;393;798;540;94;259;809;442;326;344;818;488;258;220;257;437;461;353;781;670;1024;156;316;485;658;360;738;294;704;270;821;349;588;704;127;356;304;47;451;334;258;470;180;372;303;770;71;735;120;388;500;584;102;707;551;154;378;767;368;291;376;252;543;875;782;414;615;364;60;196;164;524;847;150;458;224;547;488;873;817;109;732;655;583;481;414
21;189;324;644;500;597;551;603;34;401;544;278;631;255;732;577;529;442;194;260;686;578;0;664;655;248;665;340;260;273;317;326;484;247;117;516;749;572;765;666;173;547;249;528;248;405;144;781;613;331;274;52;311;386;424;484;618;76;196;200;172;350;416;414;392;585;318;353;544;612;415;307;648;88;456;578;420;62;176;562;275;110;426;716;182;516;212;485;558;184;620;244;456;180;584;390;241;502;679;603;637;318;213;754;615;327;222;868;457;312;514;409;289;226;535;142;406;866;709;809;535;192;313;290;608;436;708;153;253;132;370;761;134;349;645;444;482;354;314;511;656;217;529;299;759;432;624;637;298;466;515;260;329;463;645;365;616;134;179;819;43;678;336;423;623;647;472;529;501;176;695;448;153;314;409;593;829;584;413;246;337;405;303;351;286;44;724;683;551;457;449;433;486;630;129;453;612;657;469;590;259;256;289;648;461;226;557;687;585;362;445;323;248;476;534;714;193;224;595;669;395;729;604;891;637;275;430;373;473;337;248;171;666;253;331;446;611;289;660;132;748;442;728;311;844;783;236;515;136;505;222;444;624;223;464;632;310;574;205;383;581;649;167;485;571;551;112;668;716;252;601;602;745;613;473;487;687;277;355;705;387;354;223;539;408;641;195;297;427;544;775;43;263;303;248;605;661;196;284;452;539
22;844;573;1034;370;979;1043;997;635;975;466;943;399;898;594;796;409;225;745;451;180;479;664;0;590;906;387;533;667;928;964;399;421;909;678;745;382;330;387;116;837;378;771;472;539;407;530;522;52;588;459;671;555;965;277;674;868;644;477;542;636;945;309;838;585;1023;706;316;123;143;677;656;674;684;869;671;766;725;588;977;555;632;245;642;597;384;583;969;604;494;1036;817;231;764;150;328;520;961;291;1005;1028;498;697;315;917;951;488;495;386;353;153;550;915;867;314;686;297;543;49;418;173;545;841;585;63;236;555;744;614;537;328;512;795;838;610;723;519;581;435;887;207;878;249;404;546;986;135;54;621;632;443;839;868;856;1068;537;1068;749;549;587;652;738;361;757;120;259;212;198;168;840;458;307;782;847;898;1055;502;826;843;795;381;593;913;728;907;673;687;466;118;919;232;864;180;184;641;569;598;330;969;654;440;817;641;148;463;442;582;27;576;317;993;745;515;980;184;148;507;863;963;485;335;375;887;545;142;761;853;364;641;421;416;493;147;917;930;1018;634;425;10;794;223;485;276;936;553;365;484;968;722;565;516;704;501;702;741;733;361;649;532;665;418;505;746;396;831;139;587;554;251;452;632;102;312;828;708;789;731;816;772;353;772;908;578;516;392;643;751;793;467;879;659;664;763;941;895;589;312;590;848;229;842
23;821;335;562;249;517;651;538;653;1056;146;859;902;738;85;290;199;495;564;433;754;119;655;590;0;781;221;818;436;893;945;677;831;853;754;278;289;261;300;692;763;220;893;152;751;297;541;194;557;332;693;617;345;1041;636;237;352;702;610;457;496;697;668;475;272;592;914;568;569;683;303;387;98;597;479;148;384;705;480;542;786;719;573;66;474;228;760;597;111;512;582;606;444;833;667;389;418;568;325;550;558;773;501;360;419;742;671;323;783;516;511;877;721;868;285;777;640;282;594;319;642;465;963;820;541;474;85;601;815;557;634;179;714;533;28;318;174;307;707;457;395;830;716;426;148;676;685;620;376;222;868;915;593;455;613;290;634;789;700;193;681;159;424;371;470;341;454;413;498;773;167;700;655;578;561;634;268;322;481;573;397;904;698;407;935;695;100;150;516;547;455;491;507;409;741;206;51;275;610;121;649;910;394;710;848;518;103;588;71;598;673;447;412;621;654;489;483;867;495;122;374;928;386;314;451;909;480;369;221;359;543;558;457;835;694;1101;83;417;597;719;446;853;375;735;246;938;440;567;787;152;441;300;88;496;319;177;582;130;454;323;889;90;818;237;338;618;676;47;824;658;89;491;884;304;278;352;148;572;971;901;419;631;433;122;305;68;569;938;242;421;120;620;520;940;883;54;850;754;611;599;376
24;146;456;563;690;532;421;529;281;370;704;86;869;56;866;608;706;682;217;472;935;734;248;906;781;0;848;558;345;152;200;572;718;110;298;563;939;768;955;914;86;732;350;686;474;594;376;941;854;454;517;235;455;355;673;562;623;298;445;388;306;182;664;383;511;486;469;600;788;860;487;393;744;226;415;666;440;196;344;484;492;326;672;832;341;700;428;378;671;413;529;183;688;275;832;609;424;411;883;524;557;547;281;957;592;124;466;1045;697;553;754;619;103;186;736;311;655;1031;950;997;783;382;370;495;848;673;851;187;450;369;618;921;113;299;763;493;624;479;556;475;874;112;777;518;909;280;872;882;407;563;746;295;241;433;543;509;502;239;415;966;275;753;560;450;854;856;705;755;740;91;863;695;134;243;327;476;1000;602;379;214;552;603;137;388;243;256;826;848;791;379;683;389;727;852;334;577;732;853;356;686;506;315;387;896;690;464;678;928;710;611;295;347;431;357;783;942;407;189;539;828;610;971;594;1060;865;388;392;584;566;536;492;414;893;72;166;403;717;502;902;116;968;667;937;112;1004;1027;442;425;273;631;415;503;775;285;505;702;558;671;397;461;815;801;280;668;583;798;351;806;964;498;707;837;991;637;533;505;766;227;473;948;398;233;378;683;602;747;211;390;592;522;893;242;266;213;174;727;906;412;197;700;538
25;850;399;756;164;706;818;727;651;1057;161;914;741;817;208;488;142;356;637;406;561;146;665;387;221;848;0;730;516;931;979;577;699;897;739;457;93;102;109;497;809;118;870;178;684;260;526;149;363;405;611;641;395;1043;502;395;557;689;555;469;542;809;539;621;363;772;861;459;395;500;436;478;317;633;637;343;531;724;508;721;715;697;437;262;508;149;707;754;280;488;770;696;305;827;489;299;430;732;105;737;751;685;574;144;619;840;606;203;652;429;344;778;812;891;143;758;512;211;382;149;475;477;944;750;347;340;170;661;757;541;518;134;759;657;247;469;248;384;613;631;181;869;558;376;161;811;499;424;453;361;733;911;709;616;802;345;816;792;650;211;678;380;352;518;268;127;306;244;337;816;72;563;714;690;702;811;170;521;627;665;338;812;796;527;951;696;310;80;338;701;317;642;351;202;715;310;247;56;762;319;571;899;476;521;726;470;258;380;237;484;812;561;422;774;488;270;472;889;686;102;288;747;586;232;245;878;631;301;366;327;478;523;244;889;800;1103;288;379;395;762;224;737;154;830;202;748;428;734;779;272;445;449;139;573;479;391;488;321;463;442;739;131;810;181;532;445;648;178;633;583;289;296;694;509;437;522;369;673;924;722;556;751;470;205;257;285;643;909;257;605;273;640;616;967;911;240;674;705;713;455;560
26;434;553;968;588;916;888;926;308;468;676;549;322;582;874;845;634;384;527;396;466;709;340;533;818;558;730;0;550;501;516;154;173;503;259;781;788;628;801;477;472;632;275;666;93;521;327;875;497;567;124;386;531;462;260;727;901;268;221;419;463;689;225;733;615;916;177;272;419;419;676;582;849;421;775;797;714;368;434;887;66;236;312;884;446;610;131;820;753;334;948;584;430;308;397;438;441;834;693;927;960;45;526;758;914;659;157;918;173;305;430;70;622;430;587;248;242;940;583;845;361;413;332;69;501;396;840;491;114;315;221;857;455;679;820;717;653;582;116;824;633;476;304;393;871;772;432;486;558;695;193;356;667;777;975;567;950;325;166;930;299;897;394;714;558;653;435;505;427;468;786;228;492;651;742;928;898;861;733;583;421;86;641;647;441;311;909;781;460;788;419;755;409;600;224;656;790;697;806;798;169;328;561;445;135;307;742;561;760;249;785;631;445;814;353;646;371;425;911;780;452;433;896;957;583;252;750;451;705;461;275;285;610;530;669;506;805;404;525;449;707;110;721;643;932;497;401;846;289;695;418;709;755;536;739;862;242;784;415;646;265;775;295;589;852;394;231;811;466;160;796;525;473;883;733;774;901;614;240;415;691;694;469;697;513;831;529;280;579;847;932;374;590;487;459;781;384;147;623;313;832
27;394;117;423;369;369;383;381;275;640;363;422;778;306;520;316;374;452;128;224;753;391;260;667;436;345;516;550;0;460;513;469;650;419;376;256;609;449;625;712;330;405;509;345;460;283;225;597;614;111;444;211;124;624;515;230;360;330;338;146;91;296;526;191;165;384;573;424;568;670;158;51;407;180;232;331;165;293;117;347;494;359;482;489;104;375;441;309;328;231;409;179;435;436;643;338;151;309;568;384;415;515;65;639;364;324;397;706;610;357;517;621;296;444;425;402;504;688;701;665;597;148;570;519;603;435;505;165;493;236;475;578;282;171;420;183;281;135;478;275;577;397;628;268;564;320;680;660;63;222;687;510;204;229;439;171;424;387;388;620;299;427;309;166;583;548;454;481;501;340;523;564;219;184;234;406;659;324;194;149;286;629;280;96;512;305;488;507;549;264;436;216;494;563;381;231;387;530;305;348;408;511;42;707;643;282;333;682;365;449;326;87;154;316;602;660;197;443;362;485;333;854;349;718;586;536;208;304;227;246;324;273;611;399;286;683;376;245;666;288;669;632;625;314;660;895;195;318;396;285;163;184;431;60;203;378;401;332;154;126;740;457;425;343;312;597;334;461;803;409;366;577;847;353;213;229;438;160;614;828;141;246;96;338;294;406;133;558;260;297;550;218;103;510;454;382;777;429;198;516;284
28;84;559;716;768;684;572;682;297;218;800;75;823;208;976;748;792;711;337;532;927;832;273;928;893;152;931;501;460;0;52;556;672;44;258;698;1018;842;1034;917;130;813;245;782;433;671;418;1039;878;561;495;290;553;203;671;688;768;284;451;462;399;334;653;530;621;639;373;612;806;860;613;511;868;300;564;791;578;211;425;637;440;301;684;949;426;782;382;531;787;457;681;324;728;192;833;663;501;563;952;676;710;503;396;1026;741;272;451;1133;661;580;782;552;255;71;807;259;651;1126;975;1078;786;454;241;432;875;707;956;295;386;406;615;1019;178;446;879;626;727;586;531;624;930;63;763;572;1011;431;873;896;517;683;694;171;392;581;695;609;654;184;391;1070;277;883;610;587;895;920;744;802;769;120;956;679;242;391;479;628;1092;744;526;352;610;526;289;520;97;256;948;942;819;531;721;538;754;904;298;687;846;928;509;809;498;198;500;894;637;498;791;952;822;616;446;481;509;509;783;987;464;75;691;925;668;932;742;1153;910;282;540;645;687;606;515;442;939;80;318;250;836;562;923;174;1022;610;1001;263;1102;994;506;577;217;741;486;634;876;402;640;833;567;793;468;584;766;902;206;750;726;807;342;913;946;487;826;873;964;779;664;646;895;370;360;912;538;386;467;786;676;867;333;275;683;670;1010;291;400;61;42;840;875;368;345;707;682
