PARÂMETROS
300;12;20;35
COORDENADAS
0;807;311
1;666;154
2;333;558
3;867;551
4;438;239
5;926;765
6;132;566
7;13;877
8;780;349
9;711;404
10;251;146
11;243;868
12;571;285
13;17;212
14;898;605
15;155;708
16;635;263
17;802;84
18;858;981
19;731;161
20;864;230
21;198;632
22;838;124
23;646;683
24;456;221
25;712;596
26;455;930
27;844;399
28;270;3
29;630;152
30;982;108
31;954;862
32;982;15
33;318;956
34;1;930
35;796;786
36;132;200
37;270;172
38;251;376
39;122;615
40;98;137
41;271;601
42;675;754
43;651;344
44;566;359
45;527;820
46;981;928
47;631;498
48;504;3
49;37;234
50;478;708
51;526;892
52;697;239
53;854;526
54;321;583
55;665;709
56;256;551
57;150;400
58;19;492
59;373;281
60;157;283
61;718;576
62;661;886
63;749;566
64;231;980
65;744;818
66;393;480
67;898;734
68;261;984
69;898;621
70;818;579
71;190;695
72;397;903
73;592;539
74;905;103
75;834;498
76;932;334
77;557;867
78;752;435
79;508;373
80;832;48
81;604;498
82;855;787
83;314;538
84;523;703
85;335;976
86;569;64
87;47;49
88;922;79
89;718;563
90;901;893
91;845;207
92;406;380
93;78;488
94;552;277
95;429;864
96;607;613
97;606;498
98;121;672
99;712;672
100;325;202
101;894;818
102;272;532
103;651;647
104;170;226
105;178;482
106;165;158
107;837;39
108;557;199
109;27;242
110;956;161
111;585;734
112;777;680
113;684;148
114;48;302
115;992;838
116;338;698
117;575;247
118;770;631
119;864;879
120;493;466
121;76;806
122;599;714
123;313;149
124;110;457
125;775;872
126;327;448
127;867;885
128;37;530
129;797;396
130;265;461
131;205;1000
132;957;856
133;297;78
134;879;680
135;486;92
136;754;939
137;118;340
138;51;633
139;912;182
140;376;939
141;956;724
142;929;825
143;147;99
144;743;752
145;351;373
146;189;68
147;462;57
148;129;804
149;480;315
150;28;376
151;234;153
152;593;195
153;741;757
154;18;404
155;196;963
156;154;905
157;94;699
158;670;345
159;16;793
160;613;539
161;436;944
162;247;839
163;690;932
164;30;184
165;451;903
166;99;53
167;272;41
168;996;272
169;142;49
170;351;620
171;472;81
172;338;953
173;702;937
174;53;458
175;744;934
176;533;413
177;5;366
178;351;132
179;39;534
180;426;119
181;792;831
182;426;251
183;50;351
184;351;902
185;930;807
186;383;864
187;529;412
188;764;467
189;69;726
190;880;46
191;23;234
192;770;133
193;177;379
194;385;288
195;298;137
196;790;325
197;140;57
198;229;873
199;224;62
200;740;315
201;354;144
202;285;902
203;438;916
204;115;59
205;603;969
206;834;669
207;860;19
208;277;459
209;431;567
210;700;873
211;141;79
212;761;898
213;283;705
214;83;393
215;952;362
216;798;356
217;702;599
218;205;902
219;297;579
220;306;26
221;630;866
222;863;849
223;72;863
224;813;326
225;249;52
226;561;728
227;34;747
228;635;434
229;216;99
230;905;698
231;534;695
232;440;35
233;236;979
234;692;32
235;26;633
236;380;375
237;539;273
238;864;93
239;660;139
240;521;170
241;53;453
242;113;522
243;877;368
244;925;35
245;778;615
246;552;912
247;287;892
248;497;1000
249;544;385
250;408;123
251;685;782
252;640;657
253;544;246
254;307;858
255;583;201
256;583;134
257;944;540
258;480;958
259;68;872
260;871;62
261;994;884
262;847;953
263;23;633
264;901;381
265;82;141
266;616;543
267;446;425
268;921;873
269;890;671
270;114;898
271;959;396
272;308;473
273;682;790
274;843;351
275;550;999
276;367;817
277;758;575
278;754;883
279;891;679
280;656;247
281;378;935
282;947;252
283;79;618
284;373;176
285;388;316
286;437;442
287;94;874
288;412;874
289;97;191
290;353;521
291;880;938
292;422;57
293;279;721
294;998;462
295;80;402
296;945;156
297;259;758
298;77;290
299;438;53
DISTÂNCIAS
DE/PARA;0;1;2;3;4;5;6;7;8;9;10;11;12;13;14;15;16;17;18;19;20;21;22;23;24;25;26;27;28;29;30;31;32;33;34;35;36;37;38;39;40;41;42;43;44;45;46;47;48;49;50;51;52;53;54;55;56;57;58;59;60;61;62;63;64;65;66;67;68;69;70;71;72;73;74;75;76;77;78;79;80;81;82;83;84;85;86;87;88;89;90;91;92;93;94;95;96;97;98;99;100;101;102;103;104;105;106;107;108;109;110;111;112;113;114;115;116;117;118;119;120;121;122;123;124;125;126;127;128;129;130;131;132;133;134;135;136;137;138;139;140;141;142;143;144;145;146;147;148;149;150;151;152;153;154;155;156;157;158;159;160;161;162;163;164;165;166;167;168;169;170;171;172;173;174;175;176;177;178;179;180;181;182;183;184;185;186;187;188;189;190;191;192;193;194;195;196;197;198;199;200;201;202;203;204;205;206;207;208;209;210;211;212;213;214;215;216;217;218;219;220;221;222;223;224;225;226;227;228;229;230;231;232;233;234;235;236;237;238;239;240;241;242;243;244;245;246;247;248;249;250;251;252;253;254;255;256;257;258;259;260;261;262;263;264;265;266;267;268;269;270;271;272;273;274;275;276;277;278;279;280;281;282;283;284;285;286;287;288;289;290;291;292;293;294;295;296;297;298;299
0;0;211;534;247;375;469;721;975;46;133;579;792;237;796;307;763;178;227;671;168;99;688;189;405;362;300;712;95;619;237;268;570;343;809;1016;475;684;554;559;749;730;609;462;159;245;580;641;256;432;773;515;645;131;220;556;422;601;663;808;435;650;279;593;261;882;510;447;432;866;323;268;726;720;313;229;188;127;609;135;305;264;276;478;542;484;815;343;803;258;267;589;110;406;750;257;669;362;274;775;373;494;514;578;370;642;651;659;273;273;783;211;477;370;204;759;558;608;240;322;570;350;882;453;519;712;561;499;577;800;85;562;914;565;560;375;388;630;689;821;166;761;439;528;693;445;460;664;428;838;327;781;594;243;450;794;893;882;811;141;926;299;733;769;631;787;690;753;599;192;714;550;406;795;634;768;626;292;803;489;799;426;520;385;758;746;511;696;295;161;846;274;787;181;633;422;537;22;713;806;633;67;482;788;708;736;688;359;296;550;454;572;705;588;655;728;153;45;306;843;576;576;582;540;919;16;615;484;887;211;627;399;471;459;878;301;844;431;270;225;226;318;767;725;90;300;305;652;779;755;273;441;486;384;270;741;249;285;266;724;927;257;602;643;847;117;744;300;378;573;369;908;174;524;495;53;734;670;268;574;377;164;757;151;790;454;419;392;908;687;720;500;631;461;668;243;732;207;707;730;450
1;211;0;523;444;243;664;674;974;225;254;415;829;161;651;507;753;113;152;848;65;212;668;174;529;220;444;804;302;423;36;319;764;345;874;1021;645;535;396;470;713;568;596;600;190;228;680;835;345;221;634;585;751;90;416;550;555;570;571;729;319;525;425;732;420;933;668;425;624;923;521;451;720;795;392;244;382;321;721;293;270;196;349;660;520;567;886;132;627;266;412;775;186;344;676;167;748;462;349;751;520;344;702;546;493;501;587;501;206;117;645;290;585;537;18;635;757;635;130;488;751;356;879;563;353;633;726;448;758;732;275;505;963;759;376;567;190;789;578;779;247;836;639;720;521;602;383;484;225;843;246;675;432;83;607;694;935;908;790;191;911;388;822;802;778;636;779;575;409;350;534;562;207;863;783;684;783;291;694;315;733;242;688;258;646;811;704;764;292;327;826;239;647;106;538;311;368;211;534;841;451;177;312;839;795;559;817;541;236;494;475;719;530;750;671;630;353;241;446;878;562;382;712;722;924;226;429;583;866;281;453;594;556;255;930;124;799;361;174;207;16;145;682;664;300;285;474;766;829;862;261;259;628;503;152;790;95;85;475;825;934;224;800;819;801;326;584;392;349;762;563;926;380;479;636;264;852;727;430;734;571;93;832;297;748;293;321;367;919;763;570;482;812;262;686;452;636;279;728;604;249
2;534;523;0;534;335;628;201;451;493;408;420;322;362;468;566;232;422;666;674;562;624;153;665;337;358;380;391;535;558;503;789;691;846;398;498;516;410;391;199;218;482;75;394;383;306;326;746;303;580;438;208;385;484;521;27;364;77;241;320;279;326;385;463;416;434;486;98;591;432;568;485;198;350;259;730;504;639;381;436;254;713;277;570;27;239;418;547;583;759;385;659;620;192;264;356;320;279;279;240;395;356;618;66;330;369;172;433;723;423;439;738;307;460;539;383;716;140;394;443;620;184;357;308;409;244;542;110;626;297;491;118;460;691;481;559;490;567;306;291;690;383;644;653;495;453;185;510;517;319;284;355;416;446;453;350;427;390;277;398;394;280;399;293;517;481;364;556;520;722;543;64;496;395;528;297;557;247;380;426;294;448;534;320;350;344;646;310;244;440;312;749;448;609;237;274;422;512;536;331;507;474;414;347;373;544;491;513;753;113;98;483;516;546;155;299;649;506;371;367;41;532;427;604;401;533;512;284;353;326;473;588;243;533;432;636;316;188;351;705;531;431;299;222;576;789;448;416;337;471;272;441;417;322;376;301;435;492;611;426;410;731;737;648;318;594;486;283;174;667;568;404;646;88;419;550;491;261;425;531;570;448;379;686;260;384;248;155;396;325;436;42;666;508;171;671;297;732;213;370;515
3;247;444;534;0;530;221;735;914;219;214;737;699;397;915;62;729;369;471;430;413;321;673;427;257;527;161;559;153;810;464;457;322;548;682;945;245;814;707;640;747;873;598;279;299;357;433;393;241;657;888;419;482;355;28;546;256;611;732;850;562;758;151;393;118;767;293;479;185;744;76;56;692;587;275;449;62;226;442;163;400;504;268;236;553;376;680;570;961;475;149;343;344;491;791;417;538;267;266;755;196;644;268;595;236;769;692;804;512;469;895;400;336;157;442;856;313;549;421;125;328;383;831;313;684;762;333;549;334;830;170;608;799;318;740;129;596;404;778;820;371;625;194;280;850;236;545;832;638;780;453;857;747;449;241;861;787;796;787;285;884;254;583;683;420;913;544;915;783;307;881;520;613;664;419;819;402;361;881;664;828;617;289;533;841;624;263;576;365;132;816;505;901;429;711;549;703;238;878;714;807;268;654;679;563;898;494;122;532;597;436;362;865;362;603;799;207;206;171;749;570;768;394;298;854;231;794;353;855;259;792;151;362;669;762;547;844;517;429;458;461;514;819;754;183;519;109;479;672;581;363;627;294;250;444;638;450;504;77;561;861;489;356;402;847;173;885;251;439;326;122;829;180;564;302;201;548;566;111;350;130;370;621;309;790;620;533;443;837;557;850;514;387;664;612;158;800;402;642;831;657
4;375;243;335;530;0;717;447;766;359;318;208;658;140;421;587;547;198;395;852;303;426;460;416;490;25;450;691;436;289;210;559;808;588;726;817;653;308;180;231;491;354;398;566;237;175;587;877;323;245;401;470;658;259;505;363;521;361;329;489;77;284;438;684;451;769;654;245;675;765;597;509;519;665;337;486;473;503;639;370;151;437;307;688;323;471;744;218;434;509;428;801;408;144;437;120;625;410;308;536;512;118;737;336;460;268;355;284;446;125;411;523;516;556;262;395;815;469;137;513;768;233;672;501;154;393;717;236;775;495;391;281;795;806;214;623;154;768;335;552;477;702;709;764;322;596;159;302;183;643;86;432;221;161;600;451;763;724;574;255;696;347;705;629;737;411;664;386;258;558;351;390;161;720;746;442;759;198;451;137;496;120;689;16;403;668;751;627;195;397;611;482;415;348;296;72;173;362;349;667;277;311;126;680;677;369;748;584;475;272;328;686;337;733;491;386;528;378;446;702;368;250;655;743;723;384;265;504;649;277;262;654;465;204;767;327;570;147;106;450;243;107;440;430;457;528;506;682;670;763;180;119;596;464;106;632;149;179;588;720;733;467;851;822;572;484;369;352;186;797;625;734;544;267;602;420;768;582;464;717;631;218;698;509;522;90;91;203;722;635;344;294;827;182;507;602;393;513;549;364;186
5;469;664;628;221;717;0;818;919;440;420;915;690;597;1063;162;773;580;692;226;634;538;740;647;291;718;272;499;375;1005;680;659;100;752;637;939;131;974;884;779;817;1039;675;251;502;542;402;172;397;871;1035;451;419;573;249;631;266;703;857;947;734;907;281;291;266;727;189;604;41;700;146;215;739;546;403;662;282;431;382;373;573;723;418;74;652;407;627;786;1133;686;289;130;563;647;892;614;506;353;416;810;233;823;61;694;299;928;799;973;731;675;1040;604;342;171;662;992;98;591;625;205;129;526;850;330;869;872;185;677;133;919;390;727;758;96;931;97;804;244;912;884;583;576;50;60;1024;183;695;1014;846;797;633;978;923;660;185;977;756;784;834;491;910;386;521;683;289;1067;494;1091;975;497;1061;593;820;617;282;925;248;527;1003;855;916;816;149;717;968;591;42;551;531;339;857;720;1047;650;842;721;888;460;1057;705;993;486;844;655;510;1075;382;132;748;717;533;250;1042;211;645;921;403;428;278;733;655;964;312;105;859;453;983;366;892;440;973;70;398;876;722;769;909;670;625;674;680;719;927;848;400;730;210;401;651;489;538;824;241;305;644;625;660;718;225;485;864;705;137;203;912;384;1049;381;588;108;100;822;370;683;245;422;442;561;253;208;92;584;573;513;859;807;700;586;839;525;1008;622;179;869;648;311;920;609;667;972;863
6;721;674;201;735;447;818;0;332;683;601;436;321;521;372;766;143;587;825;836;723;805;93;832;527;473;580;486;731;579;647;965;873;1012;432;386;699;366;417;224;50;430;143;574;564;480;469;922;503;674;345;374;511;652;723;189;551;124;166;135;373;284;586;618;617;425;661;274;784;437;767;686;141;428;460;901;705;832;520;633;422;870;476;756;184;414;457;665;523;928;586;835;798;331;94;509;420;477;478;106;589;412;802;144;525;342;95;409;880;561;340;918;483;654;692;277;901;244;545;641;796;374;246;489;454;111;712;227;801;101;686;169;440;874;515;755;591;725;226;105;869;445;839;838;467;638;291;501;606;238;429;216;425;591;638;198;402;339;138;581;254;481;485;296;667;395;464;514;543;912;517;225;592;438;680;133;714;429;236;486;98;535;711;430;230;401;833;389;425;639;171;910;349;771;192;375;459;700;509;321;512;657;476;369;464;507;619;709;910;180;299;645;487;711;205;179;844;698;570;343;165;567;581;783;303;722;527;458;205;520;474;784;422;613;425;773;125;313;501;871;679;555;137;47;770;954;647;544;360;567;450;521;593;516;521;340;580;624;812;524;312;894;918;813;127;790;427;484;344;846;765;332;844;199;593;742;601;343;626;698;767;613;443;873;74;458;357;329;310;416;376;225;835;585;213;872;172;910;230;281;597
7;975;974;451;914;766;919;332;0;931;843;768;230;813;665;925;220;874;1118;851;1013;1069;307;1116;662;791;753;445;958;911;952;1237;941;1296;315;54;788;687;750;554;283;744;377;673;831;757;517;969;724;1002;643;494;513;935;911;425;673;406;496;385;696;611;766;648;799;241;733;549;896;270;921;858;253;384;670;1180;904;1067;544;861;706;1165;702;846;453;538;336;984;828;1209;771;888;1068;633;394;806;416;650;703;231;728;743;882;431;678;669;428;734;1175;869;635;1184;589;788;990;576;979;371;844;795;851;631;94;608;787;431;762;531;854;347;919;486;228;944;847;888;916;743;547;246;1136;368;955;917;789;740;606;827;934;137;730;501;756;895;737;473;202;143;195;845;84;688;428;237;679;693;438;828;875;1154;837;424;918;333;691;420;733;696;511;818;343;863;780;749;527;338;919;370;694;855;161;1200;643;1061;524;696;792;953;829;216;841;918;808;273;426;824;597;846;1205;494;520;687;808;748;320;489;1070;942;742;193;411;900;617;850;60;971;858;567;131;763;804;909;551;944;245;1084;244;621;800;1157;981;870;425;368;1002;1241;808;540;274;499;723;851;678;664;824;294;884;936;990;473;55;1183;981;837;244;1017;739;689;625;908;900;103;1061;500;674;982;550;359;803;741;900;900;369;1123;267;788;674;607;81;399;691;492;869;916;308;1068;479;1178;273;590;927
8;46;225;493;219;359;440;683;931;0;88;566;746;218;775;281;720;168;265;636;194;145;647;232;359;348;256;665;81;616;247;314;541;390;762;971;437;664;539;529;709;714;567;418;129;214;534;612;210;442;751;469;599;137;191;515;377;561;632;774;412;626;235;550;219;836;470;408;402;820;296;233;683;673;267;275;158;152;563;90;273;305;230;444;502;437;768;354;792;305;222;557;156;375;715;239;623;315;229;733;330;478;482;539;324;622;616;643;315;268;760;257;431;331;222;733;532;563;228;282;536;309;839;407;508;678;523;463;543;764;49;527;868;537;553;345;390;590;662;782;212;715;414;498;680;404;429;654;431;794;301;752;580;242;409;763;847;837;770;110;883;252;687;724;589;767;644;742;594;229;705;507;408;748;593;735;586;255;775;480;763;422;482;367;730;699;481;650;258;119;804;319;765;216;603;399;526;26;703;760;625;52;472;742;662;725;644;324;339;514;411;530;693;549;611;698;172;19;261;797;534;573;538;506;874;40;608;437;845;168;616;370;424;462;832;328;805;400;252;269;241;314;734;689;98;345;266;607;733;709;238;435;443;338;257;694;246;291;251;678;883;301;576;607;808;125;728;254;342;542;340;863;185;488;451;63;689;624;227;534;348;160;710;193;750;442;393;355;863;641;701;460;597;461;624;245;702;253;662;705;452
9;133;254;408;214;318;420;601;843;88;0;527;659;183;720;274;633;160;332;595;243;231;561;307;286;313;192;584;133;596;264;401;518;474;677;883;391;613;498;460;625;668;482;351;84;151;454;589;123;451;695;383;521;165;187;429;308;478;561;697;359;567;172;484;166;749;415;326;379;734;286;205;596;589;179;358;154;231;487;51;205;376;142;409;419;353;684;368;752;387;159;524;238;305;638;203;539;233;140;648;268;435;452;457;250;569;538;598;386;256;702;345;353;283;257;670;517;474;207;234;499;226;751;329;472;603;472;386;505;685;86;449;781;514;526;323;384;536;596;698;299;631;403;474;641;349;361;620;427;706;247;683;539;240;354;693;760;749;683;71;796;166;605;636;528;715;562;705;569;314;670;419;401;663;533;660;531;178;707;451;684;403;434;323;663;614;458;564;182;82;718;395;708;277;534;346;491;111;668;672;595;93;441;655;580;688;575;292;412;437;323;469;656;496;523;628;244;99;195;709;449;553;469;470;786;128;580;357;758;81;581;352;340;457;745;372;722;332;216;346;269;301;659;609;169;426;221;532;646;633;168;413;378;262;229;607;239;298;269;600;795;377;557;565;725;191;681;168;265;513;321;774;248;408;387;142;616;537;177;480;328;166;626;280;667;407;334;276;775;557;649;376;560;451;535;292;631;340;574;644;444
10;579;415;420;737;208;915;436;768;566;527;0;722;348;243;793;570;401;554;1032;480;618;488;587;666;218;644;810;644;144;379;731;1003;742;812;822;840;130;32;230;486;153;455;741;446;380;728;1069;517;290;231;606;795;455;712;442;698;405;273;416;181;166;634;845;651;834;833;362;874;838;802;713;552;770;520;655;681;706;783;578;342;589;498;880;397;619;834;328;225;674;626;990;597;280;383;328;739;587;499;541;699;92;930;386;641;113;343;86;595;310;243;705;676;749;433;256;1013;558;339;710;955;401;682;666;62;341;895;311;962;439;600;315;855;1001;82;824;241;939;235;526;661;802;911;959;114;780;248;99;229;669;284;320;18;345;783;347;818;765;574;463;688;534;819;693;900;224;782;178;107;755;145;484;230;811;910;369;929;388;330;100;442;177;872;204;287;762;947;730;384;605;607;636;244;519;244;195;47;567;142;727;88;517;103;756;792;161;895;783;622;314;457;854;128;908;559;298;733;585;639;757;435;132;813;932;739;590;94;659;638;480;58;855;617;219;833;455;536;262;314;615;409;271;365;400;664;683;705;823;746;888;378;158;769;642;309;714;336;332;797;843;748;625;1047;1003;537;691;169;539;340;988;827;764;750;331;774;626;903;680;664;892;832;417;799;704;502;125;218;349;744;745;160;388;1011;192;575;811;307;694;612;225;208
11;792;829;322;699;658;690;321;230;746;659;722;0;668;693;705;182;720;962;625;859;890;240;952;443;681;542;220;762;865;813;1060;711;1128;115;249;559;677;696;492;280;745;268;446;664;602;288;740;536;903;666;284;284;775;700;295;450;317;477;437;601;591;557;418;589;112;503;415;668;117;700;643;180;157;479;1011;697;871;314;668;561;1009;516;617;337;325;141;867;842;1040;564;658;894;514;414;666;186;444;518;230;508;671;652;337;464;646;391;714;1019;739;662;1004;367;566;844;598;749;194;704;577;621;473;178;387;722;431;532;428;624;395;727;407;137;714;791;663;813;515;542;303;958;150;727;687;774;513;506;801;840;130;601;536;715;758;510;515;105;96;225;675;239;495;207;29;451;716;210;827;827;960;825;270;819;127;464;451;505;539;555;743;391;771;550;643;551;113;689;140;538;657;224;1039;671;904;493;597;733;770;817;14;806;743;732;54;200;819;373;623;1049;410;354;457;795;518;167;501;871;755;532;50;294;844;387;620;171;786;816;347;241;584;769;683;338;855;111;948;319;511;664;993;839;751;456;369;807;1076;591;312;50;286;569;763;450;449;691;64;748;808;773;253;175;1021;751;609;321;818;744;494;487;678;676;132;857;400;445;792;333;134;592;511;675;745;150;935;298;704;570;468;149;169;692;364;640;830;151;857;493;999;111;601;838
12;237;161;362;397;140;597;521;813;218;183;348;668;0;558;457;593;67;306;752;202;298;509;311;405;131;341;655;295;412;145;447;692;491;717;860;549;447;321;332;557;495;435;480;99;74;536;762;221;289;536;433;608;134;371;388;434;412;436;589;198;414;326;607;332;773;560;264;555;764;468;383;559;642;254;380;338;364;582;235;108;352;215;576;360;420;730;221;574;406;314;691;284;190;533;20;596;329;215;593;411;259;623;387;370;405;439;425;362;87;545;404;449;445;177;523;695;474;38;399;662;197;718;429;291;492;621;293;669;587;251;353;803;689;343;500;210;679;456;625;356;682;583;647;463;497;236;439;252;681;95;550;361;92;501;565;774;747;631;115;752;257;672;641;657;550;629;525;385;425;489;400;226;707;665;546;671;133;571;267;587;220;589;148;525;655;633;608;133;265;668;390;550;250;405;186;310;222;487;680;412;171;258;680;644;508;684;465;392;341;314;601;476;641;509;499;388;237;340;717;401;370;583;635;763;245;397;443;708;162;400;531;411;282;770;280;646;211;34;350;170;125;544;515;317;433;389;627;670;718;103;229;509;378;47;630;84;151;451;679;773;373;733;722;649;343;509;261;187;684;500;764;403;323;517;279;714;569;345;625;507;93;678;377;594;226;185;206;757;610;483;321;722;272;524;462;504;395;566;494;267
13;796;651;468;915;421;1063;372;665;775;720;243;693;558;0;964;514;620;795;1139;715;847;457;825;785;439;794;841;847;328;615;970;1140;984;802;718;967;115;256;285;416;110;464;852;647;568;793;1200;677;529;29;677;849;680;893;479;816;414;230;280;362;156;789;932;813;797;946;461;1024;809;971;881;513;788;661;894;865;923;848;768;516;831;652;1016;441;705;827;571;165;914;783;1115;828;423;282;538;771;713;654;471;833;308;1066;409;768;153;314;157;838;540;31;940;771;892;670;95;1158;582;559;861;1078;539;596;768;302;262;1005;389;1084;318;801;351;810;1139;310;980;484;1035;163;422;895;810;1069;1098;172;904;370;224;471;602;474;164;224;576;906;192;772;706;493;666;581;679;843;667;985;30;815;178;307;980;205;527;473;807;997;248;1024;553;154;343;322;419;991;410;142;766;1089;747;549;789;516;878;22;757;231;375;290;781;197;694;255;730;343;740;820;181;957;936;864;358;545;950;181;1011;560;192;946;794;786;715;461;343;896;1059;653;804;281;749;535;656;228;1012;707;458;797;698;421;397;525;855;647;505;243;324;874;925;861;881;731;922;554;401;878;765;528;708;566;571;983;878;661;867;1185;1112;421;900;96;684;478;1119;986;692;959;390;881;837;950;698;825;996;990;639;808;930;410;357;385;478;666;770;82;456;1127;433;572;1012;200;929;597;98;450
14;307;507;566;62;587;162;766;925;281;274;793;705;457;964;0;750;431;529;378;474;376;700;484;263;585;186;549;212;869;526;504;263;595;677;954;207;866;762;686;776;926;627;268;359;413;428;333;287;719;937;432;469;417;90;577;255;644;775;886;616;807;182;367;154;765;262;520;129;741;16;84;713;582;313;502;124;273;430;224;453;560;312;187;587;387;674;633;1016;526;184;288;401;541;828;476;535;291;310;779;197;700;213;630;250;820;730;858;569;530;943;447;338;142;504;902;251;567;482;130;276;428;846;318;741;801;293;592;281;864;232;649;797;257;799;77;657;363;823;847;423;619;132;222;905;213;594;889;700;794;508;899;803;511;218;902;788;802;809;345;901;292;573;691;387;964;537;971;842;347;938;547;675;659;385;857;363;412;924;723;861;677;249;590;885;622;204;576;416;192;837;559;950;489;755;603;760;300;935;720;865;330;713;681;555;954;468;90;587;637;468;333;921;323;623;842;248;268;196;753;601;828;374;246;865;291;852;358;875;313;849;93;374;731;760;608;872;566;488;513;523;575;858;789;237;570;120;462;675;562;416;687;276;263;504;642;512;566;79;547;871;543;295;351;875;224;938;288;486;268;66;836;217;604;284;259;525;571;143;313;74;432;615;356;819;677;586;488;847;555;901;551;333;725;629;174;842;451;657;879;718
15;763;753;232;729;547;773;143;220;720;633;570;182;593;514;750;0;654;898;754;794;855;87;898;491;572;568;373;755;714;731;1021;813;1078;296;270;645;508;548;345;98;573;157;522;615;539;388;854;520;786;488;323;414;716;722;207;510;186;308;255;479;425;578;536;610;282;599;329;743;295;748;675;37;310;468;963;710;862;432;656;486;945;495;704;232;368;322;765;667;991;581;768;852;413;233;585;315;461;497;49;558;533;747;211;499;482;227;550;955;648;483;969;430;622;770;419;847;183;623;619;729;415;125;444;580;255;641;311;733;213;713;270;296;815;645;724;699;641;369;128;921;319;801;782;609;589;388;640;719;99;509;355;560;674;588;333;258;197;61;630;162;488;366;160;580;538;354;657;677;947;659;214;702;305;593;270;630;479;373;608;209;648;648;531;372;275;781;276;476;654;87;981;492;841;329;478;588;741;651;180;649;704;598;233;351;650;518;680;985;277;309;569;629;635;128;323;868;733;557;200;191;698;500;721;175;760;662;406;127;552;612;750;379;730;282;863;149;401;580;938;760;650;274;190;798;1022;629;446;226;449;505;637;535;487;603;213;663;716;806;410;185;964;857;734;151;814;571;489;405;783;735;194;862;280;533;775;490;238;617;624;736;680;318;913;117;574;456;387;176;305;520;272;760;703;124;878;315;963;115;425;713
16;178;113;422;369;198;580;587;874;168;160;401;720;67;620;431;654;0;244;751;140;231;571;246;420;183;341;690;249;448;111;380;678;426;762;920;547;506;376;400;622;551;496;492;82;118;567;749;235;291;598;471;638;66;342;448;447;476;503;657;262;478;323;623;323;822;565;325;539;812;444;365;620;682;279;313;307;305;609;208;168;291;237;568;422;454;773;209;625;340;311;683;217;257;600;84;635;351;236;656;416;315;612;451;384;466;506;481;301;100;608;336;473;440;125;588;676;526;62;391;657;247;779;452;341;559;624;359;663;654;209;419;853;674;385;483;226;686;522;691;288;723;561;634;514;500;304;486;269;740;163;617;415;79;505;632;826;802;694;89;814;276;709;694;671;610;665;575;425;361;537;456;244;751;677;613;679;181;638;312;654;253;589;209;591;699;618;651;182;241;731;327;612;187;472;251;359;166;536;732;457;117;305;728;682;558;706;452;331;408;366;613;527;647;565;567;332;187;342;770;462;405;603;628;822;188;439;470;771;171;449;511;443;300;819;237;712;278;96;285;126;147;612;582;263;368;379;654;718;749;152;266;521;394;92;679;80;139;414;712;832;309;717;721;715;290;566;280;248;673;481;821;350;388;529;225;740;615;335;631;488;26;719;312;659;276;252;266;816;650;542;382;718;296;580;413;572;327;621;558;287
17;227;152;666;471;395;692;825;1118;265;332;554;962;306;795;529;898;244;0;898;104;158;815;53;618;372;519;914;317;538;184;181;792;192;997;1165;702;679;539;623;862;705;741;681;300;362;785;862;447;308;779;703;853;187;445;693;639;718;724;882;472;675;499;814;484;1062;736;569;657;1050;545;495;864;913;501;104;415;281;820;354;412;46;458;704;666;678;1006;233;755;120;486;815;130;494;829;315;864;563;458;899;594;491;739;693;582;647;740;641;57;270;790;172;685;596;134;784;777;769;279;547;797;491;1023;661;493;786;788;598;803;885;312;656;1093;787;505;600;316;856;730;930;147;955;658;751;655;670;535;613;341;985;396;827;572;236;675;846;1067;1045;937;292;1058;492;934;937;855;778;891;703;531;270;660;700;330;985;858;837;851;424;845;453;885;377;747;411;797;934;734;885;426;384;974;86;793;58;691;464;506;241;662;975;578;239;452;967;908;687;907;585;87;645;609;795;661;815;809;782;315;272;524;1012;707;499;800;767;1067;242;553;687;1014;387;586;622;667;365;1058;121;950;512;323;62;152;293;834;816;293;132;531;864;958;965;396;395;707;595;304;918;248;224;477;931;1076;72;822;870;953;313;722;495;492;797;593;1065;349;628;716;270;949;852;492;800;601;218;950;221;898;438;474;511;1060;881;713;626;857;380;824;425;788;160;865;753;365
18;671;848;674;430;852;226;836;851;636;595;1032;625;752;1139;378;754;751;898;0;829;751;746;857;365;859;411;406;582;1141;859;881;152;973;540;858;204;1066;1000;857;821;1135;699;291;669;687;368;133;533;1040;1109;467;343;759;455;668;333;739;915;971;851;989;428;218;429;627;198;683;250;597;362;403;726;467;515;879;483;651;321;556;701;933;545;194;701;435;523;961;1235;904;440;97;774;752;922;767;444;445;544;799;341;943;166;738;392;1021;843;1075;942;837;1112;825;368;311;850;1056;195;592;786;360;102;631;801;371;994;913;137;752;96;936;588;788;653;159;1063;301;963;112;979;878;800;483;275;171;1132;256;791;1131;1005;750;765;1027;1036;829;252;1019;662;708;814;663;862;505;423;627;175;1149;414;1198;1107;722;1175;622;979;520;162;959;123;654;1051;988;933;964;163;848;1024;513;188;489;657;522;829;935;1120;852;908;839;1012;659;1170;638;1116;676;977;578;425;1184;255;312;962;781;594;191;1152;127;637;972;626;627;412;657;690;1103;255;132;794;656;1110;390;856;590;1090;286;432;1034;622;963;901;771;776;888;864;878;962;875;613;948;374;313;577;361;673;968;263;390;799;564;827;890;449;378;797;919;167;30;904;601;1143;500;692;125;311;748;593;748;259;630;308;517;418;142;303;761;482;734;859;939;814;683;771;458;1096;683;48;1021;634;537;969;829;639;1042;1018
19;168;65;562;413;303;634;723;1013;194;243;480;859;202;715;474;794;140;104;829;0;149;711;113;528;281;435;817;263;487;101;256;735;290;895;1060;628;600;461;525;759;633;636;595;199;257;689;806;351;276;697;602;759;85;385;588;551;614;628;785;377;586;415;728;405;959;657;464;596;947;489;426;760;813;402;183;352;265;727;274;307;151;360;638;562;580;906;188;693;207;402;751;122;391;730;213;765;468;359;795;511;408;676;590;492;564;639;566;161;178;708;225;591;521;48;697;725;665;178;471;730;386;919;568;418;687;712;495;736;786;244;554;990;730;441;539;254;778;638;827;182;855;606;692;587;591;435;549;288;880;294;735;497;142;596;753;964;941;833;193;954;395;836;833;772;701;793;641;474;287;599;595;271;884;776;740;773;320;754;381;786;307;672;318;707;832;675;784;322;307;870;188;711;48;595;368;433;174;600;871;516;154;377;864;809;624;818;518;191;543;504;712;595;737;704;688;298;206;438;908;602;445;712;700;962;184;494;591;910;289;518;564;569;317;956;134;848;411;222;149;74;210;738;715;253;231;456;772;855;871;291;325;622;504;205;815;153;150;434;835;972;171;769;800;850;278;649;398;388;736;534;961;327;525;630;220;857;750;414;722;542;114;850;234;796;358;376;406;956;781;634;522;791;326;719;402;694;214;761;666;312
20;99;212;624;321;426;538;805;1069;145;231;618;890;298;847;376;855;231;158;751;149;0;777;109;502;408;396;810;170;635;246;169;638;245;908;1111;560;732;596;630;835;771;699;557;241;324;679;707;355;425;827;614;743;167;296;647;518;687;733;884;493;708;375;686;355;981;600;533;505;965;392;352;818;819;411;133;269;124;707;233;383;184;373;557;630;583;914;338;836;161;363;664;29;481;827;315;768;461;372;864;467;539;588;664;468;694;730;702;192;308;837;115;576;458;197;819;621;704;289;411;649;439;976;551;556;787;648;579;655;879;179;641;1013;632;587;450;402;717;754;907;67;860;502;598;728;535;532;694;437;932;393;848;634;273;541;863;991;979;901;225;1017;398;832;866;723;835;789;785;621;138;744;644;419;894;725;842;714;378;869;522;879;451;605;438;822;845;580;795;381;257;937;184;841;135;702;482;573;120;744;903;661;150;517;887;807;768;783;440;211;630;548;663;738;675;750;797;158;142;402;941;665;594;677;619;1013;108;640;582;977;306;661;469;570;466;977;262;929;505;327;137;223;348;841;805;138;204;394;749;878;852;355;468;580;482;320;839;282;296;320;823;1022;168;666;723;932;155;787;399;461;645;441;1004;191;606;588;122;830;769;360;662;449;208;856;85;875;493;483;476;1003;786;767;588;708;474;763;267;802;109;803;789;461
21;688;668;153;673;460;740;93;307;647;561;488;240;509;457;700;87;571;815;746;711;777;0;817;450;485;515;393;686;633;645;942;790;997;345;357;617;437;465;261;77;505;79;492;536;458;378;837;453;699;429;290;418;635;664;132;473;99;236;227;392;351;523;528;554;349;576;247;707;357;700;622;63;336;404;883;649;792;429;587;403;861;427;675;149;332;370;678;602;911;524;749;774;326;187;501;327;409;429;86;515;448;720;124;453;406;151;475;871;562;425;892;400;580;685;362;820;154;538;572;710;338;212;409;496;195;624;224;715;190;643;183;368;791;562;682;612;635;302;147;843;354;763;756;535;558;300;564;632;185;424;307;480;589;557;290;331;276;123;552;242;425;392;212;576;478;370;587;595;875;585;153;615;350;589;226;623;400;328;522;186;561;626;444;317;310;752;296;397;589;159;899;434;759;253;391;505;666;577;242;570;627;512;283;371;578;526;637;902;190;241;556;555;622;112;265;800;660;505;270;112;615;491;699;263;686;582;375;200;479;533;710;341;644;349;777;172;314;495;856;675;563;230;139;728;940;580;451;274;474;425;550;509;442;518;250;577;629;751;431;272;881;834;724;175;746;504;427;323;762;693;278;796;193;509;703;508;250;562;610;694;598;352;839;119;488;368;305;263;323;452;190;747;617;120;817;258;885;139;362;626
22;189;174;665;427;416;647;832;1116;232;307;587;952;311;825;484;898;246;53;857;113;109;817;0;591;394;488;892;275;580;209;144;747;180;981;1161;663;710;570;638;868;740;740;650;288;359;762;816;427;355;808;686;828;181;402;691;610;721;741;897;490;699;467;782;450;1049;700;569;612;1035;500;455;863;895;482;70;374;230;794;322;413;76;441;663;667;659;989;275;794;95;455;771;83;502;842;324;845;540;440;902;562;518;696;697;555;675;750;673;85;290;819;123;660;559;155;809;730;761;290;511;755;485;1022;636;525;800;750;605;761;898;275;664;1080;741;542;557;353;819;751;937;94;936;611;706;691;635;546;651;381;982;405;848;604;255;640;866;1056;1038;940;277;1059;472;913;927;821;810;869;742;572;216;700;695;368;968;824;853;815;420;867;487;898;412;708;431;820;917;689;868;422;350;976;88;822;68;708;481;540;206;701;965;617;214;484;954;887;725;877;545;107;653;601;761;698;777;803;801;263;235;494;1002;706;540;770;725;1064;203;593;664;1017;370;622;577;646;407;1045;172;958;522;334;40;178;320;851;827;247;124;494;838;945;940;393;430;675;568;318;905;266;255;429;907;1073;70;775;829;960;264;756;474;494;753;549;1059;297;634;684;227;921;837;458;763;557;219;932;168;905;467;489;511;1056;862;744;626;815;421;817;373;807;111;858;778;406
23;405;529;337;257;490;291;527;662;359;286;666;443;405;785;263;491;420;618;365;528;502;450;591;0;499;109;312;346;777;531;665;356;747;426;690;181;705;634;500;528;773;383;76;339;333;181;415;185;694;756;169;241;446;260;340;32;411;571;655;485;631;128;203;155;510;166;324;257;488;259;200;456;332;153;635;263;451;204;269;339;661;189;233;362;124;427;623;872;664;139;330;515;386;600;416;282;80;189;525;66;578;282;403;36;659;509;712;671;492;760;607;79;131;536;709;379;308;441;134;293;265;583;56;629;581;228;396;299;627;324;440;543;355;698;233;612;277;629;597;567;372;312;316;768;119;427;766;652;530;403;690;671;490;120;687;530;539;552;338;639;147;334;428;252;792;293;834;742;539;809;301;626;409;260;634;269;292;715;625;625;605;207;484;682;367;309;319;295;246;578;678;767;563;558;473;647;385;804;458;750;379;613;422;312;819;289;188;697;431;244;197;787;243;363;633;443;360;100;492;364;739;183;273;601;394;745;96;615;249;725;259;112;679;505;652;622;406;423;628;544;528;636;556;390;705;148;247;415;350;314;608;106;26;448;381;486;552;330;321;608;660;401;336;625;395;782;143;326;334;244;573;424;397;112;386;330;309;155;227;245;436;367;525;570;575;448;319;584;302;737;334;346;664;368;415;631;605;394;691;663
24;362;220;358;527;25;718;473;791;348;313;218;681;131;439;585;572;183;372;859;281;408;485;394;499;0;454;709;426;286;187;538;811;564;747;842;659;324;192;257;516;367;422;576;230;176;603;880;327;223;419;487;674;241;501;386;530;385;354;514;102;305;441;695;452;791;662;266;677;787;596;509;543;684;345;464;468;489;653;365;160;413;314;692;347;486;764;193;443;487;430;805;389;166;462;111;643;420;315;561;518;132;740;361;468;286;381;297;422;103;429;503;528;560;239;415;817;491;121;516;774;247;697;513;160;418;724;261;780;520;383;306;818;808;213;624;132;777;358;577;457;722;709;767;332;603;184;307;164;668;97;455;232;139;607;474;786;747;599;247;721;354;723;652;748;427;682;394;257;542;358;412;140;741;757;467;768;206;473;137;521;106;696;42;426;689;753;647;204;394;636;458;433;326;320;97;178;349;356;690;281;299;127;702;695;377;762;586;451;297;346;696;345;742;513;410;515;367;450;725;391;246;668;748;748;372;267;517;674;278;269;655;480;186;789;302;595;171;97;427;219;82;465;456;445;504;508;697;691;780;186;109;605;473;91;654;128;153;583;737;757;444;853;829;597;472;382;359;204;800;625;758;532;292;612;408;783;602;465;725;631;201;718;491;547;94;116;221;746;654;360;317;832;167;530;593;417;493;571;385;168
25;300;444;380;161;450;272;580;753;256;192;644;542;341;794;186;568;341;519;411;435;396;515;488;109;454;0;421;237;739;451;557;359;640;533;785;207;702;612;510;590;766;441;162;259;278;290;427;127;628;765;259;349;357;158;391;122;458;595;700;462;637;20;294;47;615;224;339;231;594;187;107;531;439;132;529;156;342;312;165;302;560;145;238;402;217;535;550;861;558;33;352;411;374;643;356;389;106;144;595;76;552;287;444;79;656;546;700;570;426;771;498;187;106;448;726;370;387;374;67;321;254;669;163;599;617;283;412;327;678;217;466;648;357;663;186;552;345;646;662;459;480;275;315;752;159;424;743;594;618;364;718;651;418;163;720;633;637;626;254;723;114;444;524;336;796;402;818;708;430;790;361;568;517;341;673;339;255;743;587;675;556;248;448;705;473;303;424;259;139;656;575;778;466;577;449;618;282;785;556;723;282;576;525;421;802;388;142;595;456;282;277;770;305;442;660;335;254;10;592;415;699;282;294;693;288;714;200;694;179;702;218;203;623;610;564;686;398;366;525;459;466;674;603;281;600;68;354;517;457;269;562;187;94;388;482;415;479;238;429;700;557;403;381;689;286;777;109;316;347;193;669;317;422;196;277;434;409;50;290;197;353;475;416;633;539;428;315;677;409;736;366;381;612;450;315;661;497;481;704;608
26;712;804;391;559;691;499;486;445;665;584;810;220;655;841;549;373;690;914;406;817;810;393;892;312;709;421;0;658;945;797;976;503;1055;139;454;370;798;780;590;458;869;376;281;617;581;131;526;466;928;811;223;80;732;567;371;304;428;611;618;654;712;441;210;467;229;309;454;484;201;540;504;354;63;414;941;574;763;119;577;559;959;456;424;416;236;128;873;970;970;451;447;821;552;580;660;70;351;457;422;364;739;453;438;344;759;526;824;969;738;810;917;235;407;814;748;544;259;693;434;412;465;398;259;793;585;325;498;414;578;634;506;259;507;866;492;838;299;679;501;876;79;541;485;886;338;566;902;873;349;615;699;807;747;334;683;261;302;428;623;459;421;23;227;235;858;27;946;907;851;934;326;849;119;247;619;289;522;721;804;574;811;351;679;706;107;490;97;523;556;436;980;819;856;617;645;808;691;928;233;898;677;792;172;22;935;153;460;996;503;363;251;907;307;283;653;754;668;413;251;384;916;186;415;388;702;901;228;459;527;864;506;247;895;224;928;521;560;662;931;817;762;623;532;702;1010;451;98;172;81;552;808;273;329;689;164;740;806;625;37;391;962;540;392;524;707;872;419;505;469;506;342;734;480;266;696;117;143;466;302;503;711;77;837;488;758;617;488;365;70;821;421;425;873;273;716;647;916;260;743;877
27;95;302;535;153;436;375;731;958;81;133;644;762;295;847;212;755;249;317;582;263;170;686;275;346;426;237;658;0;697;326;322;475;408;766;996;389;739;617;593;753;790;607;393;200;280;527;546;234;521;823;478;586;217;127;554;357;607;694;830;485;696;217;520;192;844;430;458;339;825;228;181;717;673;288;302;99;109;548;98;337;351;259;388;547;442;769;433;870;329;206;497;192;438;771;316;623;319;257;772;303;555;421;587;314;695;671;720;360;349;831;263;423;288;297;801;463;587;308;243;480;357;869;399;586;736;478;519;486;817;47;582;877;470;634;283;471;547;728;826;227;714;343;434;758;367;493;733;512;821;373;816;657;323;372;826;859;855;807;182;916;270;680;741;554;841;639;821;674;198;784;540;489;750;556;793;544;311;839;560;816;503;435;443;795;704;416;654;315;104;841;354;837;276;667;472;605;91;782;776;705;133;552;751;657;804;618;270;380;570;445;495;772;505;639;761;114;62;245;813;575;654;513;450;900;79;688;433;881;211;695;305;428;543;840;397;850;464;330;306;318;395;792;741;45;372;225;590;743;693;300;516;414;328;336;706;327;371;172;667;908;338;507;554;853;59;804;269;398;480;275;884;115;541;423;48;668;634;195;492;283;241;710;179;795;521;463;409;887;642;775;505;540;543;650;166;764;263;686;774;533
28;619;423;558;810;289;1005;579;911;616;596;144;865;412;328;869;714;448;538;1141;487;635;633;580;777;286;739;945;697;0;389;719;1098;712;954;965;943;240;169;373;629;218;598;853;511;462;856;1166;612;234;328;735;925;487;783;582;808;548;414;549;296;301;727;965;739;977;942;492;963;981;881;795;696;908;625;642;750;740;910;647;439;563;597;978;536;744;975;305;227;656;717;1090;610;400;521;393;875;696;598;685;801;206;1026;529;748;244;487;187;568;347;340;703;795;845;438;372;1103;698;390;802;1058;513;826;783;152;481;1005;448;1065;576;657;458;999;1095;79;910;233;1053;369;666;666;941;995;1053;156;885;378;103;199;813;376;444;154;375;889;473;962;909;717;526;829;636;955;836;1019;300;918;178;38;774;136;622;216;952;1029;504;1044;487;449;152;579;194;978;292;411;902;1040;868;484;677;750;611;338;516;387;307;136;611;140;870;74;564;164;899;928;164;1021;872;590;456;586;970;149;1020;702;432;770;635;736;901;576;42;935;1033;882;631;53;781;780;564;110;941;740;172;976;422;675;387;381;600;413;301;499;542;708;655;795;951;889;1022;470;182;882;751;366;855;370;339;861;977;892;603;1140;1111;676;735;233;641;457;1086;911;908;793;471;888;670;1034;819;751;1004;917;456;938;721;643;201;334;469;888;882;255;524;1116;161;718;860;441;692;755;345;175
