PARÂMETROS
300;20;12;20
COORDENADAS
0;72;565
1;985;730
2;778;161
3;399;464
4;657;941
5;343;266
6;316;897
7;209;842
8;9;446
9;861;505
10;984;662
11;493;514
12;935;172
13;222;146
14;522;754
15;758;739
16;239;433
17;731;377
18;913;567
19;849;236
20;313;760
21;906;237
22;779;149
23;202;118
24;42;407
25;564;60
26;183;48
27;267;614
28;786;266
29;466;950
30;661;545
31;493;318
32;55;321
33;951;969
34;334;590
35;738;182
36;991;846
37;905;50
38;166;200
39;994;881
40;44;491
41;831;984
42;219;756
43;413;397
44;300;797
45;694;701
46;39;655
47;280;540
48;399;171
49;108;722
50;456;829
51;330;301
52;428;459
53;698;574
54;995;58
55;740;198
56;206;550
57;388;92
58;686;509
59;523;297
60;622;314
61;434;813
62;559;22
63;820;26
64;326;125
65;477;938
66;446;306
67;877;975
68;732;682
69;950;227
70;201;218
71;745;883
72;884;76
73;689;264
74;915;852
75;169;419
76;761;123
77;371;170
78;296;670
79;432;790
80;398;106
81;534;938
82;543;41
83;697;502
84;951;70
85;900;440
86;783;867
87;951;189
88;462;663
89;131;999
90;792;422
91;320;735
92;60;711
93;841;666
94;847;826
95;506;914
96;422;938
97;637;477
98;512;660
99;913;924
100;592;591
101;468;646
102;490;793
103;263;247
104;585;503
105;283;154
106;929;919
107;732;303
108;289;910
109;21;447
110;718;795
111;293;921
112;883;439
113;475;889
114;756;3
115;150;850
116;874;891
117;177;752
118;819;853
119;236;967
120;976;249
121;669;25
122;895;395
123;77;824
124;517;274
125;759;154
126;777;990
127;292;744
128;389;983
129;476;213
130;569;917
131;903;704
132;204;571
133;849;616
134;563;845
135;601;3
136;929;782
137;339;107
138;17;432
139;221;781
140;931;558
141;974;273
142;106;991
143;428;766
144;163;835
145;770;387
146;839;583
147;849;717
148;321;312
149;757;992
150;147;790
151;516;259
152;817;280
153;292;392
154;150;905
155;875;626
156;552;638
157;246;606
158;308;77
159;761;915
160;345;472
161;810;879
162;272;492
163;206;412
164;392;890
165;232;652
166;852;123
167;675;435
168;671;860
169;380;364
170;249;973
171;69;367
172;591;466
173;83;495
174;540;461
175;451;156
176;121;746
177;394;910
178;611;942
179;675;181
180;50;369
181;249;547
182;815;680
183;324;792
184;378;838
185;533;919
186;995;202
187;303;767
188;348;306
189;889;86
190;340;849
191;597;798
192;173;6
193;176;698
194;64;412
195;759;546
196;788;917
197;235;821
198;363;633
199;830;211
200;180;70
201;27;996
202;420;868
203;714;653
204;486;203
205;125;743
206;689;685
207;430;144
208;406;109
209;310;881
210;385;765
211;521;676
212;705;140
213;96;932
214;88;609
215;462;608
216;983;928
217;475;617
218;438;79
219;993;484
220;607;699
221;423;768
222;153;233
223;857;944
224;673;746
225;731;108
226;921;598
227;656;651
228;740;493
229;242;243
230;166;1000
231;164;803
232;575;923
233;357;35
234;879;290
235;417;462
236;102;273
237;910;337
238;870;860
239;168;390
240;982;623
241;123;36
242;867;507
243;91;697
244;216;15
245;482;602
246;425;189
247;428;290
248;332;114
249;543;550
250;98;865
251;815;855
252;366;555
253;119;978
254;324;758
255;743;106
256;605;127
257;825;442
258;21;599
259;582;193
260;244;516
261;925;403
262;884;688
263;387;512
264;645;884
265;136;990
266;248;798
267;723;853
268;109;397
269;624;482
270;150;630
271;301;415
272;76;622
273;484;555
274;2;771
275;951;231
276;358;748
277;309;710
278;653;995
279;286;582
280;963;324
281;529;842
282;589;98
283;986;163
284;69;920
285;224;674
286;978;895
287;201;748
288;105;949
289;843;287
290;997;237
291;429;368
292;675;981
293;144;250
294;58;869
295;565;483
296;902;193
297;699;888
298;221;923
299;591;589
DISTÂNCIAS
DE/PARA;0;1;2;3;4;5;6;7;8;9;10;11;12;13;14;15;16;17;18;19;20;21;22;23;24;25;26;27;28;29;30;31;32;33;34;35;36;37;38;39;40;41;42;43;44;45;46;47;48;49;50;51;52;53;54;55;56;57;58;59;60;61;62;63;64;65;66;67;68;69;70;71;72;73;74;75;76;77;78;79;80;81;82;83;84;85;86;87;88;89;90;91;92;93;94;95;96;97;98;99;100;101;102;103;104;105;106;107;108;109;110;111;112;113;114;115;116;117;118;119;120;121;122;123;124;125;126;127;128;129;130;131;132;133;134;135;136;137;138;139;140;141;142;143;144;145;146;147;148;149;150;151;152;153;154;155;156;157;158;159;160;161;162;163;164;165;166;167;168;169;170;171;172;173;174;175;176;177;178;179;180;181;182;183;184;185;186;187;188;189;190;191;192;193;194;195;196;197;198;199;200;201;202;203;204;205;206;207;208;209;210;211;212;213;214;215;216;217;218;219;220;221;222;223;224;225;226;227;228;229;230;231;232;233;234;235;236;237;238;239;240;241;242;243;244;245;246;247;248;249;250;251;252;253;254;255;256;257;258;259;260;261;262;263;264;265;266;267;268;269;270;271;272;273;274;275;276;277;278;279;280;281;282;283;284;285;286;287;288;289;290;291;292;293;294;295;296;297;298;299
0;0;927;813;342;695;403;412;309;134;791;917;424;948;445;488;707;212;685;841;843;310;896;820;465;160;705;528;201;774;550;589;488;244;967;263;768;961;979;376;974;79;866;241;380;325;636;95;209;512;161;465;369;371;626;1053;762;134;568;616;524;604;438;729;921;508;550;454;903;670;940;370;744;947;686;890;175;818;495;247;424;562;593;704;628;1008;837;772;956;402;437;734;300;146;775;817;556;511;571;450;914;520;404;476;370;516;461;927;710;407;128;685;419;820;517;885;295;865;214;800;434;957;804;840;259;531;800;823;283;524;535;609;842;132;778;565;771;884;530;143;262;859;948;427;408;284;720;767;791;354;807;237;539;797;279;348;805;485;178;542;772;288;802;212;203;456;182;896;616;667;367;444;198;528;70;479;557;187;471;657;714;197;177;751;339;410;581;991;306;378;947;390;574;568;168;153;687;797;303;298;836;506;433;461;648;549;185;628;552;565;395;371;462;762;367;46;392;980;406;608;924;551;405;341;871;627;801;849;590;671;364;445;255;617;601;852;360;293;868;850;199;911;531;797;133;568;411;515;449;520;471;301;797;294;415;317;812;689;762;61;631;178;868;821;319;655;429;292;711;172;558;101;273;57;412;217;940;339;277;722;214;923;534;696;998;355;187;964;223;385;819;981;407;732;323;304;499;909;705;387;519
1;927;0;605;643;390;792;689;784;1016;256;68;537;560;960;463;227;802;434;178;512;672;499;616;993;996;791;1052;727;504;563;373;641;1015;241;665;601;116;684;975;151;970;297;766;661;688;292;948;730;809;877;538;782;619;326;672;585;799;873;371;633;552;557;826;723;894;548;685;267;257;504;936;284;661;552;140;873;647;831;691;556;856;496;818;367;660;302;244;542;527;895;363;665;925;157;168;513;600;430;478;206;416;523;498;868;459;908;197;496;718;1004;274;717;308;534;762;843;195;808;206;785;481;772;346;912;653;618;332;693;647;725;456;86;797;177;437;822;76;897;1012;765;180;457;916;558;828;404;207;136;784;347;840;664;480;771;853;151;442;749;940;290;690;229;751;841;614;757;621;427;339;707;775;985;474;932;519;783;864;617;429;630;1002;758;177;663;616;489;528;683;765;651;655;393;1087;809;974;291;271;755;629;541;1040;994;581;281;725;860;299;807;849;691;601;467;653;911;905;537;198;522;850;246;379;563;969;249;312;671;146;338;340;888;862;824;453;936;452;628;994;400;173;884;107;1106;252;894;1050;519;778;709;897;477;897;211;643;900;661;669;712;329;972;671;771;332;109;636;373;887;740;289;937;437;840;753;915;530;983;500;627;676;424;714;406;469;745;567;935;763;165;784;906;465;493;663;398;968;937;487;543;326;788;418
2;813;605;0;485;789;447;868;887;820;353;541;453;157;556;645;578;603;221;427;103;758;148;12;577;776;236;605;682;105;848;401;325;740;826;617;45;717;168;613;751;804;824;816;434;795;546;888;625;379;873;741;469;459;420;240;53;691;396;359;289;218;737;259;141;453;833;362;819;523;184;579;722;135;136;704;661;41;407;701;717;383;814;263;350;195;304;706;175;593;1058;261;734;904;508;668;800;854;346;565;774;468;575;694;522;392;495;772;149;894;809;636;901;297;788;159;932;736;842;693;971;216;174;261;964;284;20;829;759;909;306;784;557;705;460;716;237;639;442;807;833;425;225;1067;698;912;226;426;560;481;831;890;279;125;538;973;475;527;693;477;754;533;718;604;624;824;734;83;292;707;446;969;738;357;771;382;327;879;841;798;104;757;654;520;777;786;796;220;769;453;133;815;662;624;806;756;385;756;854;628;72;604;1123;792;496;295;874;531;348;375;858;720;575;75;1029;822;547;793;547;349;388;564;703;629;786;594;70;459;504;334;542;1038;888;788;439;163;470;685;220;705;651;505;666;357;871;580;531;354;373;448;454;978;694;570;1049;750;65;176;284;874;198;641;283;537;525;735;1048;828;694;709;356;783;540;839;491;987;186;721;722;843;647;246;725;199;208;1038;755;760;823;1036;141;231;405;826;640;1009;386;128;731;943;467
3;342;643;485;0;542;205;440;423;390;463;617;106;610;363;315;452;162;343;524;504;308;555;493;398;361;436;468;199;434;490;274;173;372;748;141;440;704;653;352;726;356;676;343;68;347;378;407;141;293;388;369;177;29;318;721;432;211;372;290;208;268;350;470;607;346;480;164;699;398;599;315;543;621;352;645;234;497;295;230;327;358;492;446;300;678;501;556;616;208;598;395;282;419;485;575;462;474;238;226;689;231;194;341;256;190;330;698;369;459;378;459;469;484;431;583;459;638;363;572;528;615;515;500;482;223;475;647;299;519;262;483;558;222;474;414;503;618;362;383;363;540;605;602;303;439;378;455;516;170;637;412;236;456;128;506;502;231;208;397;578;54;584;130;199;426;251;567;277;480;101;530;343;192;317;141;312;395;446;522;395;361;171;468;336;374;474;651;317;166;618;389;388;510;323;339;369;597;392;172;499;450;649;404;367;275;391;364;321;355;426;301;244;445;557;343;157;745;170;386;594;313;304;337;663;393;486;538;317;342;271;584;412;491;431;510;18;353;526;615;242;604;509;469;386;484;161;276;176;356;167;501;570;96;585;303;496;394;426;401;327;163;529;534;49;486;588;366;506;297;225;299;109;359;124;501;599;286;261;588;163;581;399;412;659;562;273;721;346;567;477;639;100;586;332;529;167;571;519;492;229
4;695;390;789;542;0;744;343;458;815;481;429;457;817;906;230;225;657;568;453;730;388;746;801;940;814;885;1011;508;687;191;396;644;864;295;477;763;347;924;888;342;760;179;475;596;384;242;680;550;812;591;230;718;533;369;945;747;596;890;432;657;627;257;924;929;880;180;669;222;269;771;854;105;894;677;272;714;824;822;451;270;874;123;907;440;919;556;146;807;339;529;536;394;639;330;222;153;235;464;316;256;355;350;223;798;443;871;272;642;369;805;158;364;550;189;943;515;222;515;184;421;761;916;595;591;681;793;129;414;271;750;91;341;584;377;134;939;315;892;817;464;470;739;553;288;505;565;401;295;713;112;531;696;680;659;508;383;320;530;931;107;563;165;591;695;269;513;840;506;82;640;409;821;479;726;494;811;570;264;46;760;834;567;305;364;297;125;812;394;706;885;330;155;1052;538;794;407;133;438;425;750;993;632;247;293;757;567;257;828;869;352;323;297;802;561;658;385;326;371;889;567;247;291;869;200;195;836;432;290;455;812;494;511;83;954;687;535;868;654;227;736;454;1050;482;616;1025;381;786;690;888;407;564;179;483;539;379;839;815;526;722;751;592;601;339;506;58;523;433;110;772;460;594;635;662;422;676;768;355;417;54;516;688;161;845;844;588;508;324;495;552;679;781;616;43;860;603;467;787;67;436;358
5;403;792;447;205;744;0;631;591;379;570;753;289;599;170;519;629;196;403;644;506;494;563;451;204;332;302;270;356;443;694;423;158;293;929;324;403;869;602;188;895;374;868;505;148;532;558;493;281;110;512;574;37;210;469;684;402;315;179;420;182;283;554;325;533;142;685;110;887;569;608;149;736;573;346;818;231;441;100;406;531;169;698;301;425;638;583;744;612;414;763;475;469;527;638;753;668;676;361;428;870;409;400;547;82;338;127;877;390;646;369;648;656;567;636;489;615;820;513;755;709;633;405;566;618;174;430;844;480;718;143;689;710;335;615;619;368;780;159;365;529;656;631;762;507;596;443;588;677;50;835;559;173;474;135;667;642;426;353;192;771;206;770;236;200;625;401;528;372;678;104;713;292;318;346;277;154;528;646;727;342;310;296;627;526;573;680;655;502;40;574;583;589;310;463;314;501;788;565;367;490;254;795;606;536;156;524;543;149;169;615;500;446;383;710;427;362;920;375;209;685;507;508;192;850;582;418;666;496;457;103;755;566;696;231;536;209;241;571;794;214;731;318;576;499;281;363;112;88;152;347;647;754;289;746;492;430;296;513;463;249;268;597;686;249;687;753;540;699;268;354;412;154;445;321;609;609;482;445;792;321;622;605;297;651;709;425;893;502;723;500;654;133;788;199;666;310;563;716;668;407
6;412;689;868;440;343;631;0;120;545;671;708;421;953;756;250;469;470;665;682;849;137;885;879;787;561;872;859;287;786;159;492;605;632;639;307;830;676;1031;712;678;488;522;171;509;101;425;367;358;730;271;155;596;452;500;1079;817;364;808;536;634;658;144;908;1006;772;166;605;566;468;922;688;429;998;734;600;500;892;729;227;157;795;221;885;548;1042;741;467;951;275;211;672;162;316;573;535;190;113;528;307;597;412;293;202;652;477;743;613;725;29;538;414;33;728;159;996;172;558;200;504;106;924;940;766;249;654;865;470;154;112;702;253;617;344;602;252;938;623;790;552;149;702;906;230;172;165;682;610;562;585;451;200;668;794;505;166;621;350;299;820;445;425;494;407;497;76;259;941;585;356;536;101;584;511;464;490;753;246;79;298;800;591;356;544;105;85;218;971;130;591;993;53;297;902;243;546;565;472;111;268;857;838;305;107;466;714;245;429;761;793;17;148;301;851;222;367;323;667;321;827;793;351;167;683;543;387;891;674;419;585;658;181;178;260;862;827;446;659;816;555;528;720;882;675;301;887;338;716;617;783;414;220;500;345;213;139;898;822;682;419;752;387;784;605;391;329;202;120;409;541;516;314;482;365;381;338;920;154;187;350;316;864;219;844;993;248;241;662;188;217;806;948;540;368;669;259;483;915;383;98;412
7;309;784;887;423;458;591;120;0;443;733;795;433;987;696;325;558;410;699;755;881;132;922;897;724;465;858;794;235;815;278;540;596;543;752;281;845;782;1054;643;785;387;638;86;489;101;505;252;310;697;156;247;554;441;557;1110;834;292;771;581;628;670;226;891;1019;726;284;586;681;546;962;624;537;1020;751;706;424;906;691;192;228;759;338;867;594;1070;799;574;988;309;175;718;154;198;656;638;305;233;562;353;708;457;324;285;597;506;691;724;751;104;437;511;115;785;270;1001;59;666;95;610;127;969;937;818;133;646;880;586;128;228;683;367;707;271;678;354;926;722;746;452;62;775;953;181;231;46;722;681;652;541;568;80;658;827;457;86;700;399;238;771;556;394;602;355;430;189;191;964;618;462;507;136;495;536;369;504;727;130;197;414;808;499;297;627;125;169;333;1013;120;553;1016;131;390;836;147;453;624;583;33;259;885;772;238;212;539;696;129;505;732;759;108;192;353;859;144;262;344;778;348;796;861;422;226;611;655;473;900;752;486;635;599;163;59;374;820;868;433;578;863;661;453;803;810;738;186;827;363;687;593;738;443;113;606;327;163;142;909;817;734;307;748;327;839;692;374;438;165;58;514;456;549;220;436;257;397;218;961;176;165;469;271;914;320;835;1031;160;168;770;94;149;842;993;522;486;595;153;505;949;492;81;458
8;134;1016;820;390;815;379;545;443;0;854;998;488;965;367;598;804;230;725;912;865;437;921;825;380;51;676;434;307;797;680;659;500;133;1077;355;775;1060;979;291;1076;57;982;374;406;455;730;211;286;477;293;588;352;419;700;1059;771;222;518;679;535;627;561;694;913;451;679;458;1016;760;966;298;855;950;703;992;162;818;455;364;545;516;719;670;690;1014;891;881;976;502;566;783;424;269;860;920;682;642;628;546;1022;600;500;593;322;578;400;1034;737;541;12;790;553;874;642;868;427;972;349;906;568;986;782;887;384;536;804;941;410;657;521;731;930;231;857;682;739;979;473;16;396;928;980;553;527;418;763;841;882;339;926;370;540;824;288;480;884;575;285;474;886;337;910;266;199;586;303;902;666;780;379;579;99;582;88;531;528;320;602;780;716;87;260;839;467;538;705;1015;435;366;950;521;685;469;302;64;756;910;437;400;853;413;550;589;734;535;318;720;518;520;528;493;561;760;493;181;481;1086;496;564;984;649;524;257;983;728;797;924;678;732;309;575;389;740;538;883;408;196;907;955;168;988;425;860;264;478;498;488;447;463;544;428;903;373;543;443;808;676;816;153;626;245;917;907;383;772;558;425;821;111;616;231;293;188;487;325;966;461;399;846;308;961;653;676;1017;477;313;1067;357;512;849;1009;427;854;237;425;557;928;819;521;599
9;791;256;353;463;481;570;671;733;854;0;199;368;341;732;420;255;626;182;80;269;604;271;365;764;824;535;817;603;250;595;203;412;826;472;533;345;364;457;758;398;817;479;689;460;632;257;835;582;570;783;518;568;435;177;466;329;656;627;175;396;305;526;569;480;656;578;460;470;219;291;719;395;429;296;351;697;394;593;588;515;611;542;562;164;444;75;370;328;429;881;107;587;827;162;321;541;616;225;381;422;282;417;469;651;276;676;419;239;700;842;323;704;69;544;512;790;386;727;350;777;280;516;115;846;414;365;492;617;671;483;504;203;660;111;452;565;285;656;847;696;87;258;897;505;772;149;81;212;573;497;768;423;229;580;815;121;336;623;699;422;517;377;589;661;606;645;382;198;402;501;770;803;272;778;324;538;778;618;503;373;822;613;180;608;586;528;331;616;550;419;624;394;849;711;802;109;418;701;514;295;808;967;571;208;481;773;248;562;603;667;542;380;396;876;779;412;440;401;600;133;319;510;758;439;305;417;110;251;121;672;853;758;506;689;215;446;793;175;355;702;169;874;6;793;810;391;538;483;657;321;843;353;497;879;593;416;456;72;845;418;617;120;184;474;436;872;679;374;759;238;721;567;793;380;899;288;558;588;532;580;207;473;489;364;894;659;407;703;876;218;300;453;511;760;881;296;314;415;764;282
10;917;68;541;617;429;753;708;795;998;199;0;512;492;920;471;238;779;381;118;446;678;432;552;952;975;734;1009;718;442;592;343;599;989;308;653;539;184;617;939;219;955;356;770;629;697;292;945;714;763;878;553;747;591;299;604;524;786;824;334;588;502;570;768;656;849;577;645;330;252;436;900;325;594;495;202;850;583;786;688;566;807;527;761;328;592;237;287;474;522;917;307;668;925;143;213;540;626;393;472;271;398;516;511;831;429;865;262;438;737;986;297;737;244;557;697;854;254;812;252;807;413;710;281;921;607;555;387;696;676;677;487;91;785;142;459;762;132;850;993;772;116;389;937;565;839;348;165;145;749;400;846;617;416;742;868;114;432;740;893;337;666;278;732;817;634;752;554;383;370;673;798;961;439;916;487;734;867;640;466;571;978;743;169;672;631;519;460;689;728;583;670;410;1043;808;953;253;321;765;621;476;998;1013;600;270;677;862;295;758;799;708;607;463;591;928;897;524;266;510;798;178;378;570;935;309;322;609;89;328;296;852;885;832;485;886;386;601;963;333;228;860;39;1064;194;893;1004;505;732;668;851;455;908;256;627;920;666;605;655;271;965;617;754;265;103;615;405;909;748;323;914;402;834;726;908;511;988;432;631;676;469;702;338;489;688;499;950;760;233;787;924;400;425;628;444;935;948;455;476;363;806;399
11;424;537;453;106;457;289;421;433;488;368;512;0;558;457;241;347;266;274;423;451;304;497;463;491;463;459;559;247;383;436;170;196;478;645;176;412;598;620;453;621;449;578;365;141;342;274;475;214;355;437;317;268;85;213;678;401;289;434;193;219;237;304;496;587;423;424;213;599;292;539;415;446;587;317;540;337;474;364;251;282;418;425;475;204;637;413;456;561;152;605;312;280;475;379;471;400;429;148;147;586;125;134;279;352;92;416;595;318;445;476;359;453;397;375;574;480;535;395;470;520;550;519;419;518;241;447;554;305;480;301;410;451;294;370;338;522;511;435;483;381;440;537;614;260;460;304;352;409;265;546;442;256;399;235;520;398;137;263;474;482;153;483;222;304;389;295;530;198;389;187;519;448;109;410;70;360;438;408;443;379;466;246;362;325;343;406;591;316;253;583;368;302;600;366;440;267;499;401;176;453;543;670;361;261;311;433;260;375;414;410;273;164;429;576;415;98;641;104;438;500;217;263;441;563;293;470;436;212;247;369;585;437;417;497;446;92;459;453;511;347;501;604;374;441;570;88;332;233;431;61;528;469;133;595;296;478;402;339;479;333;249;446;427;106;400;595;375;409;401;134;362;216;430;41;554;538;270;268;506;217;506;329;426;605;587;312;616;374;582;417;575;159;501;437;561;78;519;426;491;123
12;948;560;157;610;817;599;953;987;965;341;492;558;0;713;713;593;743;289;395;107;855;71;157;734;923;387;762;800;176;908;462;465;892;797;732;197;676;125;769;711;946;818;923;568;890;581;1017;751;536;993;813;618;582;466;128;196;821;552;419;430;343;813;404;185;610;892;507;805;548;57;735;735;108;262;680;804;180;564;810;796;541;864;413;406;103;270;711;23;681;1153;288;833;1027;502;659;857;921;426;645;752;541;665;763;676;481;652;747;241;980;954;659;986;272;851;246;1037;721;954;690;1058;87;303;226;1077;430;176;833;860;977;460;830;532;832;452;768;374;610;599;954;938;386;108;1165;780;1017;271;422;551;629;839;1001;427;159;679;1074;457;603;814;634;763;661;717;736;767;900;851;96;369;736;587;1054;887;452;911;489;484;996;915;835;260;906;781;521;870;868;848;67;868;602;97;901;711;779;923;903;413;759;954;734;112;761;1226;865;529;450;991;568;505;532;945;808;652;232;1132;953;643;757;640;505;317;620;785;784;775;630;213;426;554;375;696;1130;996;832;594;130;593;839;166;691;797;453;823;341;993;735;624;510;520;605;544;1086;693;685;1146;846;203;333;291;1008;353;771;231;518;644;768;1143;929;713;856;439;908;678;969;591;1108;61;815;825;869;767;154;783;353;51;1144;870;724;933;1136;147;89;542;849;794;1120;483;39;753;1036;540
13;445;960;556;363;906;170;756;696;367;732;920;457;713;0;677;799;287;558;809;633;620;690;557;34;317;352;105;470;576;840;593;320;241;1099;457;517;1039;689;77;1065;388;1035;610;315;655;728;540;398;178;587;721;188;374;640;777;520;404;174;589;336;433;699;359;609;106;832;275;1056;739;732;75;903;665;481;989;278;539;150;529;677;180;851;337;593;732;738;913;730;569;857;633;597;587;808;923;818;816;530;590;1040;578;557;700;109;509;61;1047;533;766;361;816;778;723;784;552;707;990;607;925;821;761;463;717;693;321;537;1010;602;853;262;845;880;425;783;777;405;950;123;351;635;820;762;852;653;691;598;756;848;193;1000;648;314;609;255;762;810;592;460;110;939;348;939;349;266;763;506;630;537;843;269;827;268;488;375;447;229;608;783;885;454;281;401;798;654;709;833;775;626;203;669;712;752;148;553;309;669;956;675;507;611;86;872;748;706;270;604;713;208;187;740;640;608;483;796;482;520;1091;534;226;841;673;653;111;1019;750;510;832;665;623;99;855;659;853;174;672;371;174;714;964;249;897;147;739;566;131;524;207;251;114;516;729;924;433;838;620;522;383;671;495;363;370;748;855;401;850;848;652;866;275;523;489;280;497;485;662;733;617;570;952;440;762;760;370;764;788;528;1064;602;811;636;780;303;949;130;741;480;681;882;777;576
14;488;463;645;315;230;519;250;325;598;420;471;241;713;677;0;236;427;431;433;612;209;644;657;711;592;695;783;290;554;203;251;436;636;479;249;611;477;801;658;488;545;385;303;373;226;179;493;323;595;415;99;492;309;251;841;597;376;675;294;457;451;105;732;786;658;189;454;418;222;678;624;257;768;517;405;486;674;603;241;96;659;184;713;306;807;491;284;709;109;461;427;202;463;330;332;160;209;299;94;426;177;120;50;569;258;645;439;497;280;587;200;283;479;142;786;384;377;345;313;356;679;743;517;450;480;645;347;230;264;542;169;384;366;354;99;755;407;672;598;302;453;660;478;94;368;442;360;329;485;334;376;495;558;428;401;375;119;313;710;288;332;313;362;465;188;307;712;353;182;415;349;595;296;509;293;602;401;201;208;593;609;342;302;201;166;165;726;219;480;762;205;86;825;350;571;315;311;294;199;624;764;550;152;216;552;397;180;616;655;247;137;78;640;461;457;157;492;144;680;542;101;99;638;385;151;678;428;169;340;582;432;361;177;737;585;310;638;569;363;507;478;821;424;434;799;157;573;473;667;205;438;309;252;461;198;684;632;434;524;564;365;534;367;277;178;452;277;224;545;290;392;404;465;202;520;676;164;217;274;292;615;88;659;751;482;308;477;321;460;566;702;397;273;630;478;274;677;222;345;178
15;707;227;578;452;225;629;469;558;804;255;238;347;593;799;236;0;602;363;231;511;445;523;590;833;789;706;898;506;473;360;216;497;817;300;449;557;256;704;800;275;755;255;539;485;461;74;723;517;671;650;315;612;432;175;721;541;583;745;241;500;446;332;744;715;750;344;533;264;62;546;762;144;674;479;193;670;616;688;467;329;728;299;730;244;696;331;130;582;305;678;318;438;698;110;124;306;390;288;258;241;222;304;273;697;292;753;248;436;499;792;68;499;325;320;736;618;191;581;129;569;536;719;370;686;523;585;251;466;442;596;259;149;578;153;221;752;176;758;802;538;250;513;699;331;602;352;175;93;610;253;613;537;462;581;630;162;229;528;800;176;491;149;545;641;395;533;623;315;149;532;560;783;320;717;353;658;637;402;250;564;798;544;82;437;392;288;586;455;596;666;432;171;937;583;767;193;180;529;408;532;884;774;361;96;601;633;87;679;721;469;373;245;601;689;682;323;293;308;733;346;156;336;788;227;85;631;215;134;246;715;646;597;259;810;465;439;804;429;164;685;252;947;256;668;904;308;642;557;756;286;671;129;433;682;434;633;630;304;750;573;560;375;135;434;183;670;513;119;733;289;617;560;691;330;756;543;400;449;276;497;462;251;662;619;712;537;269;557;685;459;555;495;255;784;711;320;564;160;567;224
16;212;802;603;162;657;196;470;410;230;626;779;266;743;287;427;602;0;495;687;641;335;695;610;317;198;494;389;183;571;564;436;278;215;891;183;558;857;768;244;877;203;808;323;177;369;528;298;114;306;317;451;160;190;480;843;553;121;372;453;314;401;427;520;709;320;558;242;837;552;740;218;677;737;480;795;71;607;294;243;405;363;584;496;463;799;661;695;752;320;576;553;312;330;645;723;550;537;400;355;833;386;312;438;187;353;282;843;509;479;218;600;490;644;513;672;426;782;324;716;534;759;592;657;423;320;590;774;315;570;323;585;717;142;636;524;562;773;340;222;348;703;752;573;382;409;532;618;672;146;762;368;327;597;67;480;664;374;173;362;710;112;724;67;39;481;219;686;436;607;156;540;182;353;167;302;348;334;501;630;503;199;114;626;368;428;568;790;340;167;736;428;511;432;272;176;532;731;388;235;631;367;601;471;523;337;330;515;346;364;453;362;372;550;519;231;283;893;299;406;755;454;382;217;801;535;589;701;470;504;190;571;377;594;415;655;180;210;677;761;83;766;413;632;302;418;295;306;237;332;325;454;714;176;558;335;600;477;586;274;418;83;686;693;167;606;566;365;640;134;388;216;64;249;273;412;740;336;285;698;156;732;501;484;794;515;241;871;317;533;621;782;200;700;206;472;329;705;647;490;385
17;685;434;221;343;568;403;665;699;725;182;381;274;289;558;431;363;495;0;263;183;566;224;232;589;689;358;639;521;123;631;182;245;678;631;450;195;536;370;592;568;696;615;637;318;601;326;745;479;390;712;529;408;313;199;414;179;552;445;139;222;125;527;394;362;477;615;293;615;305;265;553;506;337;120;509;563;255;415;524;509;429;594;385;129;377;180;492;289;392;864;75;545;749;309;463;582;640;137;357;576;255;376;480;485;192;500;577;74;692;713;418;698;164;572;374;749;533;668;484;770;276;357;164;792;237;224;614;572;695;303;563;369;561;266;497;395;450;475;716;650;269;264;876;493;729;40;232;359;415;615;715;245;129;439;785;287;316;536;518;538;397;508;473;526;614;569;281;80;486;351;766;662;165;658;208;356;712;630;577;203;681;511;314;581;580;577;316;579;389;331;612;441;670;641;667;171;543;665;448;193;630;937;581;276;300;707;310;380;421;656;519;365;238;843;683;354;605;350;417;283;345;497;595;580;373;269;291;284;116;507;841;709;567;506;171;325;637;183;502;563;351;697;188;715;629;335;359;315;477;255;799;485;406;857;557;271;279;114;743;236;506;195;346;369;514;854;640;476;622;149;633;431;699;304;828;264;526;537;622;489;237;506;313;332;856;587;573;646;847;143;300;302;606;600;833;196;251;512;747;254
18;841;178;427;524;453;644;682;755;912;80;118;423;395;809;433;231;687;263;0;337;630;330;438;840;885;615;895;647;326;588;252;488;892;403;579;422;289;517;832;324;872;424;719;528;654;256;878;633;648;819;526;640;496;215;515;407;707;707;234;474;385;538;649;548;734;572;534;409;214;342;792;357;491;376;285;758;469;671;625;530;691;530;643;225;498;127;326;379;461;893;188;616;865;122;267;534;615;290;411;357;321;451;479;724;334;753;352;320;712;900;300;713;131;543;585;813;326;758;301;786;324;594;172;874;492;440;444;645;669;562;490;137;709;80;446;644;215;735;906;724;20;300;911;524;796;229;75;163;644;452;797;502;302;645;834;70;367;668;778;379;575;328;645;723;613;686;448;272;380;570;778;867;337;833;387;618;811;622;481;453;885;664;149;630;599;517;374;641;622;481;638;391;928;748;863;155;371;724;553;365;885;984;577;216;561;807;253;642;683;679;563;406;474;894;826;452;367;440;681;115;333;529;830;381;299;493;32;270;188;745;863;785;490;769;279;506;862;230;296;765;88;951;75;832;889;432;617;558;736;370;867;304;547;894;619;491;537;152;892;499;670;164;124;528;415;884;703;343;821;301;765;630;838;429;933;338;583;620;500;627;248;472;570;410;914;697;334;734;893;288;340;523;477;831;906;357;374;385;778;322
19;843;512;103;504;730;506;849;881;865;269;446;451;107;633;612;511;641;183;337;0;749;57;111;657;824;334;692;693;69;810;361;365;798;740;624;123;626;194;683;661;844;748;816;464;784;490;911;645;454;886;711;523;476;370;230;115;715;482;317;331;240;710;360;211;534;794;409;739;461;101;648;655;163;162;619;704;143;482;702;693;469;769;362;306;194;210;634;112;576;1047;194;727;920;430;590;759;821;320;541;690;438;559;662;586;375;571;687;134;876;854;574;882;205;752;250;930;655;847;617;954;127;277;165;970;334;121;757;753;877;373;736;471;726;380;672;340;551;526;854;831;332;130;1059;676;910;170;347;481;533;761;894;333;54;578;967;390;499;707;563;684;556;644;631;666;797;744;113;264;648;486;950;790;345;808;382;405;888;813;745;182;809;675;445;764;764;752;149;761;505;155;796;615;714;816;804;322;683;848;627;31;689;1119;763;438;364;883;476;428;460;840;703;548;173;1025;847;536;704;533;439;286;522;681;696;708;539;174;369;457;279;607;1024;889;739;531;61;487;747;117;624;698;409;753;271;887;670;518;426;424;531;438;979;619;578;1040;740;167;267;207;904;270;666;183;453;538;679;1037;822;629;757;333;802;576;864;484;1001;102;709;718;783;660;144;685;294;155;1037;763;671;825;1030;51;148;440;765;705;1013;376;68;669;930;437
20;310;672;758;308;388;494;137;132;437;604;678;304;855;620;209;445;335;566;630;749;0;790;768;651;445;743;723;153;683;243;409;477;509;671;171;717;683;924;578;691;380;564;94;376;39;385;293;222;595;208;158;459;322;427;978;705;235;672;449;508;542;132;777;892;635;242;473;603;426;830;553;449;891;622;608;370;778;592;91;122;659;283;754;462;939;668;482;856;177;300;586;25;257;536;538;246;208;430;222;622;326;192;180;515;374;606;636;620;151;428;406;162;654;207;877;186;576;136;514;220;837;816;686;244;527;752;517;26;235;570;300;592;218;555;264;809;616;653;441;94;650;821;310;115;167;589;554;537;448;500;168;540;696;368;218;577;268;167;683;474;289;511;271;364;152;135;834;486;371;401;222;462;404;350;375;619;192;170;349;682;471;222;508;33;101;271;881;12;455;886;93;286;766;150;427;494;500;99;136;754;702;370;152;415;583;188;383;627;657;121;72;224;733;276;270;212;690;216;692;733;300;110;550;574;360;774;629;359;503;521;281;155;308;726;735;315;530;731;565;397;682;748;609;230;751;231;581;483;646;311;239;510;211;291;11;782;697;602;333;627;253;708;575;258;354;290;75;420;416;417;208;345;274;266;311;828;46;50;413;180;782;231;717;899;291;123;678;112;281;710;861;408;424;537;277;374;817;406;187;326
21;896;499;148;555;746;563;885;922;921;271;432;497;71;690;644;523;695;224;330;57;790;0;154;713;880;385;747;741;123;837;393;420;855;733;672;176;614;187;740;649;898;750;861;518;825;510;962;695;511;933;743;579;527;396;199;170;766;537;349;387;294;744;408;227;590;821;465;738;477;45;705;665;162;218;615;759;184;539;748;728;524;793;412;337;172;203;641;65;615;1086;217;769;969;433;591;786;851;360;578;687;473;599;694;643;416;628;682;186;913;909;588;918;203;781;277;973;654;892;622;990;71;317;158;1015;390;168;763;796;907;430;758;467;777;383;698;384;545;581;910;874;321;76;1099;712;953;202;352;483;589;769;939;390;98;633;1008;390;534;756;619;693;608;649;683;721;831;791;126;304;665;541;986;847;389;862;429;462;935;845;764;237;866;726;452;804;799;777;95;802;562;151;833;640;768;863;859;342;690;889;672;80;744;1161;796;458;421;930;497;485;516;877;741;583;223;1067;898;578;695;574;493;261;550;717;753;708;559;217;361;483;305;664;1062;933;761;584;59;538;804;100;624;753;393;808;272;935;724;559;483;480;587;479;1023;624;626;1080;781;209;320;220;956;326;718;167;451;587;697;1076;864;642;812;373;852;630;914;528;1049;45;749;761;799;709;104;712;346;108;1080;809;661;870;1071;80;91;494;779;762;1057;420;44;683;969;472
22;820;616;12;493;801;451;879;897;825;365;552;463;157;557;657;590;610;232;438;111;768;154;0;577;780;232;604;691;117;859;413;332;744;837;626;52;728;160;615;762;810;836;825;442;805;558;896;633;380;882;752;474;468;432;234;62;699;395;371;295;227;748;254;129;453;844;368;831;535;187;582;734;127;146;716;667;31;408;710;728;383;826;259;362;189;315;718;176;603;1068;273;744;912;520;680;812;866;357;576;786;479;586;705;525;403;496;784;161;905;814;648;912;308;800;147;941;748;852;705;981;220;165;271;973;290;20;841;768;920;309;796;568;713;472;728;230;650;442;812;843;436;231;1077;709;921;238;438;572;486;843;900;285;136;544;983;486;539;702;476;766;541;730;612;630;835;743;77;304;719;453;979;742;368;777;393;328;888;852;810;108;761;662;532;787;797;808;222;780;458;126;826;674;622;815;761;397;768;864;638;80;604;1132;803;508;297;883;543;349;375;869;731;586;74;1039;830;557;805;558;348;397;576;714;631;798;606;63;470;516;346;545;1048;897;800;437;172;478;688;229;716;656;515;665;368;879;578;541;356;378;448;465;988;706;579;1059;760;56;175;296;881;201;648;292;549;534;747;1058;838;706;714;367;791;547;847;501;995;190;732;731;855;656;253;736;196;207;1048;763;772;832;1046;152;235;412;838;642;1018;396;130;743;954;478
23;465;993;577;398;940;204;787;724;380;764;952;491;734;34;711;833;317;589;840;657;651;713;577;0;330;366;72;500;602;872;626;353;250;1133;490;539;1073;706;89;1099;405;1070;638;349;686;762;561;429;204;611;755;223;409;673;795;543;432;187;622;367;463;732;369;624;124;864;308;1090;773;755;100;938;683;508;1023;302;559;176;559;710;196;884;349;626;750;768;947;752;603;883;663;628;609;841;957;852;848;564;624;1074;613;591;733;142;543;88;1081;561;796;375;851;808;752;817;565;733;1024;634;959;849;785;476;746;716;351;558;1044;632;884;290;879;913;453;816;811;415;984;137;364;663;851;787;878;686;718;628;788;881;227;1035;674;344;635;288;788;843;626;489;113;973;381;974;380;294;795;534;650;569;877;303;856;282;521;395;481;251;633;814;919;477;293;431;831;684;741;866;797;656;238;687;743;786;115;580;324;702;990;703;539;634;52;895;781;740;296;629;747;229;204;770;672;642;503;820;504;554;1125;568;239;871;708;686;125;1054;785;529;864;700;655;131;882;686;887;175;698;405;184;741;998;274;929;113;770;589;103;559;234;284;130;550;754;958;466;863;651;541;403;702;513;387;400;777;888;435;884;874;681;900;294;557;514;313;519;520;682;757;649;601;986;471;788;794;387;785;812;556;1098;630;836;662;803;337;984;144;764;514;704;916;805;610
24;160;996;776;361;814;332;561;465;51;824;975;463;923;317;592;789;198;689;885;824;445;880;780;330;0;626;385;305;757;688;634;459;86;1068;344;731;1045;933;241;1063;84;977;391;371;467;715;248;272;427;321;591;306;389;676;1014;728;217;467;652;493;587;564;644;866;400;686;416;1009;742;925;246;848;904;662;979;127;773;405;365;546;466;723;620;661;969;858;872;934;491;598;750;429;304;839;907;687;652;599;533;1012;579;488;591;272;551;349;1024;697;560;45;779;572;841;647;820;455;962;370;895;592;947;734;853;418;493;760;938;419;672;475;733;910;230;833;680;689;963;422;35;414;901;941;587;527;444;728;816;864;294;923;397;496;785;250;509;861;559;284;423;880;309;901;245;164;596;310;858;633;775;340;602;48;552;97;500;479;348;613;781;672;38;249;819;477;546;709;974;444;322;905;533;678;421;320;22;730;903;456;392;812;364;589;596;715;488;346;704;468;470;544;495;549;714;527;207;465;1075;481;514;954;635;524;206;976;716;751;899;660;703;258;605;414;741;487;845;379;146;870;943;127;964;379;831;294;428;481;440;403;412;521;461;893;356;576;450;762;628;783;193;580;229;883;887;360;768;590;441;814;67;586;247;259;217;466;366;925;464;403;847;300;924;652;628;975;513;323;1055;376;545;809;970;388;854;187;462;528;886;814;546;578
25;705;791;236;436;885;302;872;858;676;535;734;459;387;352;695;706;494;358;615;334;743;385;232;366;626;0;381;628;302;895;494;267;572;987;577;212;894;341;421;926;675;961;776;369;782;654;793;557;198;803;776;335;421;531;431;223;606;178;465;240;260;764;38;258;246;882;272;967;644;420;395;842;320;239;866;533;206;222;666;741;172;878;28;461;387;507;836;407;611;1034;427;717;823;666;816;855;889;423;602;931;531;593;736;354;443;296;933;295;893;666;750;902;495;833;200;891;886;792;832;964;453;110;470;906;219;216;954;736;939;176;857;727;625;624;785;67;809;229;661;798;618;462;1037;718;872;386;590;716;350;951;840;204;335;429;940;645;578;631;256;877;466;855;521;502;847;678;294;391;807;355;965;582;406;648;401;148;816;866;883;164;599;579;668;770;799;859;453;753;327;326;820;738;394;746;611;523;885;829;607;305;384;1079;820;611;162;811;637;158;165;859;727;617;162;989;726;557;963;564;127;603;640;721;445;931;694;173;645;598;467;370;1020;843;863;208;390;428;508;443;856;515;701;441;540;793;350;548;189;267;238;490;930;833;533;1020;738;184;78;462;765;134;557;497;704;485;827;1023;802;808;566;426;704;441;744;501;906;423;718;698;939;591;478;782;45;434;992;701;931;777;1000;359;467;336;927;460;954;423;363;838;928;529
26;528;1052;605;468;1011;270;859;794;434;817;1009;559;762;105;783;898;389;639;895;692;723;747;604;72;385;381;0;572;641;945;689;411;301;1199;562;570;1135;722;152;1162;464;1138;708;417;758;829;623;501;248;678;827;292;478;736;812;576;502;209;682;421;513;805;376;637;162;937;368;1158;838;787;170;1006;701;550;1087;371;582;224;632;782;222;956;360;685;768;817;1015;780;675;952;714;700;674;902;1022;924;921;624;694;1140;679;662;805;214;607;145;1146;605;868;430;918;879;801;890;574;802;1090;704;1025;920;818;486;792;783;403;585;1113;704;957;336;950;974;523;875;882;420;1046;166;418;733;905;822;946;758;787;677;846;943;297;1104;742;394;675;360;857;901;695;561;128;1042;453;1041;452;364;867;605;673;625;947;372;927;338;584;458;545;288;700;887;991;509;347;503;893;757;813;938;826;728;306;707;816;856;43;650;382;761;1058;774;612;667;22;960;853;804;340;697;813;265;231;842;744;713;530;888;568;625;1189;639;256;919;776;758;187;1121;852;551;920;766;712;203;952;755;958;174;736;475;239;782;1063;342;984;61;823;655;46;629;280;344;162;617;821;1025;539;932;723;562;429;753;574;424;471;822;949;506;955;943;752;969;356;618;582;385;583;589;745;789;721;673;1057;543;827;866;409;811;879;627;1161;700;904;701;835;403;1054;205;830;578;733;985;875;677
27;201;727;682;199;508;356;287;235;307;603;718;247;800;470;290;506;183;521;647;693;153;741;691;500;305;628;572;0;624;390;399;372;361;770;71;639;760;851;426;774;254;674;149;261;185;435;231;75;462;192;286;319;223;432;916;629;88;535;431;407;464;259;660;807;492;386;356;708;469;785;401;548;818;548;690;218;696;456;63;241;524;419;636;444;873;656;574;805;201;408;559;132;228;576;617;383;359;394;249;716;325;203;285;367;336;460;728;559;296;297;485;308;640;344;782;263;667;164;601;354;797;713;665;283;422;673;633;132;388;452;427;642;76;582;375;696;682;512;309;173;666;784;409;221;244;551;572;591;306;618;213;433;643;223;313;608;286;22;538;578;162;604;122;211;302;51;763;445;473;274;359;316;356;219;312;493;196;322;475;594;327;69;551;186;249;404;836;157;318;815;246;377;615;123;286;496;602;209;97;692;550;451;296;448;465;191;427;497;523;270;191;261;645;361;179;195;781;208;561;737;350;219;397;676;426;686;654;390;488;371;398;215;436;585;692;213;378;700;651;244;715;595;609;194;601;215;453;361;504;283;302;598;115;392;154;696;592;583;246;525;100;691;621;157;464;398;184;514;268;380;118;201;191;224;308;783;161;104;542;37;754;347;608;848;364;73;764;149;372;662;821;294;548;384;329;325;761;511;312;324
28;774;504;105;434;687;443;786;815;797;250;442;383;176;576;554;473;571;123;326;69;683;123;117;602;757;302;641;624;0;755;305;297;733;722;556;96;615;246;623;649;775;719;749;395;719;444;842;575;398;817;652;457;406;320;294;82;645;434;262;264;170;650;333;242;481;739;342;714;419;168;586;618;213;97;600;635;145;425;635;632;419;717;331;252;256;208;601;182;512;983;156;661;851;403;563;705;764;258;479;670;378;495;604;523;310;515;668;65;813;786;533;819;198;696;264;863;631;779;587;891;190;267;168;902;269;115;724;687;819;314;686;453;657;355;620;321;535;474;786;764;326;188;993;614;843;122;321;455;467;726;826;270;34;509;901;370;439;638;514;649;486;613;561;598;737;675;157;202;605;417;887;724;279;739;313;352;820;753;698;139;743;606;415;700;702;700;218;695;439;207;734;564;665;747;736;281;651;782;560;70;636;1053;704;393;306;815;430;376;411;777;640;488;149;958;777;471;690;468;395;300;468;619;633;681;493;167;358;406;231;544;960;821;690;487;96;417;684;142;599;630;407;701;254;817;622;453;369;358;478;373;912;589;509;975;674;165;228;180;834;216;596;195;433;468;633;972;756;590;689;270;732;507;794;418;932;168;644;651;741;591;186;630;258;224;970;694;657;757;964;60;212;371;723;642;945;309;137;628;866;377
