PARÂMETROS
200;15;10;20
COORDENADAS
0;364;768
1;843;246
2;344;129
3;346;488
4;105;342
5;674;747
6;41;823
7;823;51
8;212;691
9;703;825
10;594;282
11;965;566
12;555;866
13;138;820
14;701;496
15;114;152
16;591;457
17;314;93
18;184;927
19;543;893
20;202;582
21;252;480
22;327;467
23;653;775
24;370;838
25;880;817
26;234;358
27;285;458
28;692;519
29;180;650
30;638;874
31;162;510
32;956;824
33;334;3
34;603;59
35;137;809
36;124;698
37;985;206
38;754;311
39;868;756
40;736;578
41;89;186
42;933;601
43;530;823
44;121;393
45;894;815
46;316;374
47;161;855
48;767;780
49;718;937
50;373;421
51;446;579
52;342;665
53;142;793
54;317;886
55;240;272
56;83;447
57;507;677
58;632;541
59;967;572
60;518;733
61;120;256
62;501;774
63;857;469
64;899;916
65;693;123
66;222;452
67;575;274
68;999;328
69;216;408
70;436;958
71;309;386
72;295;428
73;718;655
74;309;112
75;705;464
76;97;102
77;809;839
78;281;396
79;669;486
80;818;497
81;190;116
82;763;952
83;40;843
84;406;189
85;925;336
86;454;862
87;463;524
88;56;881
89;312;233
90;134;789
91;1;594
92;361;788
93;846;721
94;890;991
95;911;833
96;215;455
97;900;402
98;194;441
99;404;680
100;350;794
101;841;323
102;623;111
103;770;680
104;466;413
105;988;375
106;17;279
107;456;820
108;441;943
109;921;989
110;822;835
111;997;582
112;231;609
113;14;803
114;478;121
115;792;430
116;897;394
117;485;753
118;962;110
119;701;787
120;25;275
121;839;368
122;183;23
123;974;160
124;377;393
125;228;886
126;478;332
127;402;714
128;360;796
129;498;178
130;965;237
131;255;672
132;395;567
133;880;419
134;958;397
135;927;418
136;118;473
137;937;661
138;511;12
139;901;37
140;37;96
141;776;817
142;506;738
143;834;273
144;794;440
145;947;798
146;118;455
147;916;801
148;463;304
149;830;387
150;57;315
151;453;136
152;346;332
153;387;67
154;674;491
155;747;699
156;538;930
157;54;629
158;631;550
159;809;84
160;248;746
161;5;478
162;128;808
163;412;590
164;108;490
165;814;617
166;798;733
167;304;771
168;537;129
169;911;446
170;968;302
171;954;121
172;104;468
173;276;108
174;610;994
175;679;730
176;823;568
177;809;731
178;735;98
179;346;694
180;485;270
181;345;52
182;43;492
183;129;199
184;275;561
185;548;830
186;985;691
187;424;223
188;286;941
189;514;329
190;42;496
191;269;709
192;218;319
193;398;498
194;306;849
195;594;157
196;610;994
197;368;179
198;84;520
199;933;567
DISTÂNCIAS
DE/PARA;0;1;2;3;4;5;6;7;8;9;10;11;12;13;14;15;16;17;18;19;20;21;22;23;24;25;26;27;28;29;30;31;32;33;34;35;36;37;38;39;40;41;42;43;44;45;46;47;48;49;50;51;52;53;54;55;56;57;58;59;60;61;62;63;64;65;66;67;68;69;70;71;72;73;74;75;76;77;78;79;80;81;82;83;84;85;86;87;88;89;90;91;92;93;94;95;96;97;98;99;100;101;102;103;104;105;106;107;108;109;110;111;112;113;114;115;116;117;118;119;120;121;122;123;124;125;126;127;128;129;130;131;132;133;134;135;136;137;138;139;140;141;142;143;144;145;146;147;148;149;150;151;152;153;154;155;156;157;158;159;160;161;162;163;164;165;166;167;168;169;170;171;172;173;174;175;176;177;178;179;180;181;182;183;184;185;186;187;188;189;190;191;192;193;194;195;196;197;198;199
0;0;708;639;280;498;310;327;851;170;343;537;634;214;231;433;664;385;676;240;218;246;309;303;289;70;518;430;319;411;218;293;327;594;765;748;230;250;837;600;504;417;643;593;174;446;532;396;220;403;392;347;206;105;223;127;511;426;169;351;634;157;567;137;576;555;724;346;537;772;389;203;385;346;371;658;456;717;450;381;415;528;674;439;332;580;708;130;263;328;537;230;402;20;484;571;550;346;649;368;96;29;652;706;415;369;737;599;105;191;599;462;659;207;351;656;545;651;121;889;337;598;620;766;861;375;180;450;66;28;605;801;145;203;622;700;662;384;582;770;907;747;414;145;682;540;583;398;552;474;601;547;638;436;701;415;389;237;339;344;816;118;461;239;184;377;474;435;60;662;634;762;875;396;665;334;317;500;446;765;76;512;716;423;615;225;194;625;548;189;463;421;111;472;272;99;652;334;589;374;603
1;708;0;512;552;744;528;987;196;772;595;251;342;683;909;287;735;328;550;947;713;723;635;561;562;757;572;619;596;311;776;660;730;588;564;304;902;849;147;110;510;348;756;366;656;736;571;542;914;539;702;501;518;653;889;828;603;786;546;362;348;585;723;629;223;672;193;654;269;176;647;820;552;577;427;550;258;759;593;581;296;252;665;710;1000;440;121;728;470;1011;531;893;911;725;475;746;590;661;166;677;617;737;77;258;440;412;194;826;692;804;747;589;369;711;998;385;190;157;620;180;559;818;122;696;156;488;887;374;643;731;351;122;726;551;176;189;191;759;425;406;216;819;574;596;28;200;561;754;559;384;141;789;405;504;489;297;463;748;877;370;165;777;869;909;551;774;372;489;752;327;211;136;167;771;583;783;511;322;486;183;669;358;534;836;715;649;654;467;419;890;339;839;737;629;511;807;264;783;479;806;333
2;639;512;0;359;320;700;757;485;577;783;293;759;766;721;511;231;410;46;813;789;474;362;338;716;709;872;254;334;522;546;800;422;926;126;268;710;610;645;448;817;596;261;754;718;345;879;246;748;776;890;293;461;536;694;757;176;411;571;502;764;628;257;663;615;963;349;345;272;684;306;834;259;302;645;38;492;248;848;274;482;600;154;923;776;86;616;741;412;805;108;692;577;659;776;1020;903;350;619;346;554;665;533;279;696;309;689;359;700;819;1035;852;794;493;750;134;539;613;639;618;748;350;549;192;630;266;765;243;587;667;161;630;550;440;609;669;650;411;796;203;564;308;812;630;510;547;900;396;882;211;550;342;109;203;75;489;698;824;578;509;467;624;486;712;465;431;677;755;643;193;649;647;610;415;71;904;688;649;760;392;565;199;77;471;226;437;730;852;123;814;262;475;584;227;372;721;251;904;55;469;734
3;280;552;359;0;281;417;453;646;243;490;322;623;431;391;355;408;246;396;467;450;171;94;28;420;350;627;171;67;347;231;484;185;696;485;500;383;305;698;444;586;400;396;597;382;244;638;117;410;512;583;72;135;177;366;399;240;266;248;290;626;299;323;325;511;699;503;129;313;672;152;478;108;78;407;377;359;459;581;112;323;472;403;623;468;304;598;389;122;488;257;368;360;300;551;740;662;135;560;159;200;306;521;467;465;141;651;389;349;464;762;589;657;166;457;390;449;558;299;722;464;385;507;492;708;99;415;204;232;308;345;667;205;92;538;618;585;228;615;503;715;499;541;296;533;450;676;230;650;218;494;336;367;156;422;328;453;481;324;291;614;275;341;387;121;238;485;514;286;406;566;649;710;242;386;570;411;483;522;550;206;258;436;303;361;101;397;670;276;456;231;304;234;212;52;363;413;570;309;263;592
4;498;744;320;281;0;698;485;774;365;768;492;888;690;479;615;190;499;325;590;703;258;201;254;698;562;908;129;214;613;317;753;177;978;409;572;468;356;890;649;868;673;156;867;641;53;919;213;516;793;854;279;415;400;452;583;152;107;523;563;892;568;87;586;762;979;627;160;474;894;129;699;208;208;688;307;612;240;861;184;582;729;241;897;505;337;820;626;401;541;233;447;272;514;832;1018;943;157;797;133;451;514;736;567;745;367;883;108;593;688;1041;870;923;295;469;433;692;793;559;887;743;104;734;328;887;276;557;373;476;520;425;866;362;367;778;854;825;131;891;523;852;255;822;563;732;695;957;113;931;360;726;55;404;241;393;588;734;730;291;565;749;428;168;466;394;148;760;795;472;481;812;863;877;126;289;824;692;752;804;675;426;386;376;162;145;277;659;946;340;625;409;166;401;115;331;545;522;824;309;179;858
5;310;528;700;417;698;0;637;711;465;83;471;342;168;540;252;817;301;746;522;196;500;499;445;35;317;217;587;484;228;503;132;564;292;818;691;540;552;624;443;194;180;810;297;162;656;230;517;524;98;195;443;283;341;533;383;643;662;181;210;341;156;740;175;332;281;624;539;483;530;569;318;513;495;101;732;284;865;163;526;261;288;795;223;641;619;481;248;307;632;628;541;690;315;173;325;252;544;412;569;278;327;455;638;117;393;486;806;229;304;345;172;362;463;662;655;338;417;189;699;48;802;413;874;659;462;467;458;273;317;595;587;425;332;387;450;415;619;276;752;745;910;123;168;500;329;277;628;247;490;392;753;649;528;738;256;87;228;631;201;676;426;721;549;305;621;191;124;370;633;383;533;685;634;752;255;17;232;135;651;332;513;768;680;772;440;150;316;580;433;447;680;406;625;371;381;595;255;645;632;315
6;327;987;757;453;485;637;0;1098;216;662;773;959;515;97;736;674;660;779;176;506;289;402;456;613;329;839;503;439;718;221;599;335;915;870;948;97;150;1127;877;829;736;638;919;489;437;853;526;124;727;686;521;472;339;105;283;585;378;488;654;959;485;572;462;889;863;956;412;765;1078;450;417;512;469;697;759;754;723;768;489;712;842;722;733;20;731;1009;414;517;59;649;99;232;321;811;865;870;407;956;411;390;310;943;919;742;590;1047;544;415;417;895;781;985;286;33;826;847;957;449;1164;660;548;918;812;1144;545;197;657;377;320;790;1094;261;436;931;1011;974;358;910;937;1165;727;735;472;965;844;906;375;875;668;901;508;801;578;831;714;716;508;194;650;1065;220;346;88;438;339;799;762;268;853;948;1063;1151;360;752;594;644;822;773;1003;331;709;828;331;630;351;507;953;711;271;683;327;254;534;482;266;865;594;722;306;928
7;851;196;485;646;774;711;1098;0;884;783;325;534;857;1029;461;716;467;510;1084;887;817;714;647;743;908;768;664;674;485;878;843;804;784;491;220;1022;952;224;269;706;534;746;560;825;780;767;601;1041;731;892;582;648;779;1007;976;623;839;701;525;540;747;732;791;419;868;148;722;333;328;704;986;613;648;613;517;429;727;788;642;461;446;636;902;1113;439;302;891;594;1130;542;1009;985;869;670;942;786;729;359;740;755;880;272;208;631;508;363;837;852;970;943;784;558;813;1104;352;380;350;779;151;746;828;317;640;186;562;1025;444;785;877;348;234;841;670;372;371;381;821;620;314;79;787;767;756;222;390;757;812;755;440;336;810;379;553;436;464;652;924;962;534;35;902;922;1027;677;839;566;682;887;296;404;289;148;831;549;966;694;517;680;99;800;402;478;896;709;748;826;660;434;1039;415;898;860;661;616;950;252;966;472;875;527
8;170;772;577;243;365;465;216;884;0;508;559;763;385;148;526;547;445;606;237;387;109;214;251;448;215;679;333;244;509;52;463;187;755;698;743;139;88;912;661;659;536;519;726;344;311;693;333;171;562;562;314;259;132;123;221;419;276;295;445;764;308;444;300;682;722;744;239;552;866;283;348;320;275;507;587;542;600;615;302;500;636;575;609;229;538;796;296;301;245;468;125;232;177;634;741;713;236;746;250;192;172;728;710;558;376;837;455;276;340;769;626;792;84;227;629;636;746;279;948;498;456;705;668;928;340;195;446;191;181;587;879;47;221;721;801;765;237;725;741;949;620;577;297;749;633;742;254;712;461;688;406;605;383;648;503;535;404;169;442;851;65;297;144;224;226;606;587;121;649;740;850;935;247;586;500;468;623;598;790;134;501;652;261;498;144;363;773;513;260;471;258;59;372;268;183;656;500;535;213;731
9;343;595;783;490;768;83;662;783;508;0;553;368;153;565;329;894;384;828;528;173;556;567;519;70;333;177;661;556;306;551;81;626;253;901;772;566;592;680;516;178;249;886;321;173;724;191;594;542;78;113;521;355;394;561;390;721;726;245;292;365;206;814;208;387;216;702;608;565;578;641;298;589;569;170;814;361;943;106;601;340;347;875;140;663;701;537;251;384;649;709;570;739;343;176;250;208;612;466;637;332;354;520;718;159;475;532;876;247;287;272;119;381;519;689;739;404;472;229;760;38;873;476;955;718;541;478;541;320;344;678;643;473;401;442;498;464;682;285;835;812;987;73;215;567;395;245;692;214;573;456;823;732;608;821;335;133;195;677;284;748;461;779;575;374;682;235;132;402;715;432;586;747;697;834;192;97;283;141;727;380;596;851;739;849;502;155;312;663;432;530;738;449;700;447;397;676;192;727;690;345
10;537;251;293;322;492;471;773;325;559;553;0;467;585;705;239;497;175;337;764;613;493;395;324;496;599;606;367;355;256;553;593;488;651;381;223;697;627;398;162;547;328;514;465;544;485;611;292;718;527;666;261;331;458;682;664;354;536;404;261;472;457;474;500;322;703;187;409;20;407;398;694;303;332;393;331;213;528;597;333;217;310;436;690;788;209;335;596;275;805;286;684;670;557;506;768;635;416;328;430;441;567;250;173;435;183;404;577;555;678;778;598;502;488;779;198;247;323;483;406;516;569;259;485;399;243;706;126;472;564;141;373;516;347;317;381;359;512;511;282;392;587;565;464;240;254;625;506;610;132;258;538;202;252;298;223;444;650;641;270;292;578;620;702;357;528;400;494;568;163;356;374;394;524;362;712;455;366;497;231;480;109;338;589;472;423;549;565;179;727;92;592;536;377;291;635;125;712;248;562;442
11;634;342;759;623;888;342;959;534;763;368;467;0;508;865;273;946;389;804;860;533;763;718;645;375;654;265;760;688;277;789;449;804;258;845;622;862;851;360;330;213;229;954;47;505;861;258;676;854;291;445;609;519;630;853;722;782;889;471;333;6;477;900;508;145;356;519;751;487;240;765;658;680;684;262;797;279;984;314;704;306;162;896;435;965;674;233;590;503;962;733;860;964;643;195;431;272;758;176;781;572;655;272;569;225;521;192;990;568;645;425;304;35;735;980;659;220;184;515;456;344;984;234;952;406;612;803;540;582;647;607;329;717;570;169;169;152;852;99;716;532;1040;314;490;320;212;232;854;240;566;224;942;668;661;763;300;255;561;913;334;506;739;964;871;553;860;159;236;692;611;131;264;445;866;827;556;329;142;227;521;632;563;805;924;913;690;493;126;640;775;509;925;710;786;571;717;552;556;711;882;32
12;214;683;766;431;690;168;515;857;385;153;585;508;0;419;397;839;410;809;375;29;453;490;459;133;187;328;600;489;373;432;83;530;403;890;808;421;462;787;589;331;340;824;461;49;641;342;546;394;228;177;480;307;292;419;238;672;631;195;333;506;138;749;106;498;347;755;531;592;697;569;150;539;509;266;793;429;890;255;544;396;453;834;225;515;693;646;101;354;499;678;427;617;209;325;357;357;533;578;557;239;217;613;758;284;461;654;796;109;137;386;268;525;413;544;748;496;582;132;858;166;793;573;921;820;505;327;539;215;207;690;750;357;339;552;618;582;587;433;855;898;928;226;137;655;488;397;599;366;569;552;742;737;573;816;393;254;66;554;325;822;329;673;430;310;584;359;277;268;737;550;699;845;601;807;139;184;400;287;788;270;600;840;634;791;414;36;464;656;279;538;632;326;642;400;249;710;139;711;584;481
13;231;909;721;391;479;540;97;1029;148;565;705;865;419;0;649;668;580;748;116;411;246;358;400;516;232;742;471;390;630;175;502;310;818;840;891;11;122;1046;799;732;645;635;824;392;427;756;480;41;630;591;463;391;256;27;190;557;377;395;567;865;389;564;365;800;767;890;377;699;991;419;328;466;422;603;728;669;719;671;447;627;752;705;638;100;685;923;318;439;102;612;31;264;225;714;771;773;373;869;383;300;213;860;859;647;522;959;554;318;327;801;684;891;230;125;777;761;870;353;1087;563;556;834;798;1065;489;111;594;284;223;736;1011;188;360;843;922;885;347;814;889;1093;731;638;377;885;758;809;365;778;609;816;511;753;530;793;628;620;414;208;562;995;132;366;15;357;331;705;665;173;797;858;978;1074;353;725;503;548;729;676;936;243;650;795;341;621;293;410;856;661;191;618;337;171;507;413;170;804;503;681;304;834
14;433;287;511;355;615;252;736;461;526;329;239;273;397;649;0;680;116;558;673;427;506;449;375;283;475;367;486;417;24;543;383;539;415;614;447;645;611;405;192;309;89;686;254;369;589;372;403;648;291;441;336;268;396;633;547;512;619;265;82;276;299;628;342;158;464;373;481;255;342;492;532;407;411;159;548;32;721;359;431;33;117;636;460;746;425;275;441;239;751;469;638;706;448;267;529;397;487;220;509;349;460;222;392;196;249;311;717;406;517;539;359;308;483;752;436;112;220;335;465;291;711;188;701;432;339;613;276;370;454;377;369;479;314;194;275;239;583;287;519;500;775;329;310;259;108;389;584;373;305;168;668;437;391;531;27;208;463;660;88;425;517;696;652;303;593;165;256;482;401;215;330;452;597;575;506;235;141;258;399;406;312;569;658;644;430;367;344;388;608;250;659;481;514;303;529;355;506;459;617;242
15;664;735;231;408;190;817;674;716;547;894;497;946;839;668;680;0;566;208;778;856;438;355;380;823;732;1014;238;350;684;502;892;361;1077;265;497;657;546;872;659;966;753;42;934;789;241;1023;300;704;905;990;373;540;561;641;761;174;296;655;647;950;707;104;732;807;1095;579;318;476;902;275;867;304;330;786;199;668;52;977;295;647;783;84;1030;694;294;831;787;510;731;213;637;456;682;927;1142;1048;319;824;299;602;684;746;510;842;438;902;159;750;855;1162;983;982;471;658;365;732;819;706;849;864;151;756;146;860;356;742;406;631;689;384;855;538;501;811;878;855;321;967;420;795;95;938;705;730;738;1054;303;1031;380;753;172;339;293;285;654;836;886;480;652;698;608;343;656;529;338;840;897;647;423;849;867;840;316;167;977;808;822;904;623;589;389;251;347;49;439;805;1024;318;807;437;351;578;196;447;722;480;977;255;369;918
16;385;328;410;246;499;301;660;467;445;384;175;389;410;580;116;566;0;457;621;438;408;339;264;323;440;461;370;306;118;454;419;432;517;521;398;574;525;467;218;407;188;570;371;371;474;469;287;585;367;496;220;189;324;560;509;396;508;235;93;393;285;512;329;266;552;349;369;183;427;378;524;290;297;235;445;114;608;439;315;83;230;526;524;672;325;355;427;144;682;357;564;605;403;367;612;493;376;313;397;291;414;283;347;285;132;405;600;387;508;626;442;424;390;672;354;202;312;314;507;347;594;263;595;484;223;561;168;319;410;294;433;398;224;291;371;338;473;401;452;522;661;404;293;304;203;492;473;473;199;249;552;349;275;440;89;287;475;563;101;432;448;586;581;223;484;274;345;425;332;320;407;494;487;470;537;286;257;350;386;340;214;473;549;529;332;375;458;287;572;149;550;408;397;197;484;300;537;356;510;359
17;676;550;46;396;325;746;779;510;606;828;337;804;809;748;558;208;457;0;844;832;501;391;374;761;747;918;276;366;569;572;845;443;972;92;290;737;634;680;491;863;642;243;800;761;356;926;281;777;822;935;333;503;572;720;793;193;422;615;549;809;671;253;706;660;1009;380;370;317;724;329;873;293;335;692;19;539;217;895;304;529;645;126;969;798;132;657;781;456;829;140;718;590;696;823;1066;950;375;662;368;593;701;575;309;743;354;730;350;740;859;1082;899;840;522;770;166;584;656;681;648;794;341;592;148;663;306;797;289;627;704;202;666;581;480;653;712;693;427;843;213;589;277;858;672;550;592;947;411;929;258;593;339;145;241;77;536;744;866;595;556;495;656;493;738;506;447;724;802;678;225;693;686;640;429;40;948;734;696;807;421;601;246;51;482;213;469;773;898;170;848;309;486;617;245;413;756;287;948;101;485;779
18;240;947;813;467;590;522;176;1084;237;528;764;860;375;116;673;778;621;844;0;360;345;452;481;493;206;704;571;479;651;277;457;417;778;936;963;127;236;1077;839;705;653;747;816;361;537;718;568;75;601;534;540;435;305;140;139;657;490;408;591;859;386;674;351;814;715;951;476;761;1011;519;253;555;511;599;824;697;829;631;539;655;766;811;579;166;770;947;277;490;136;705;146;379;225;693;708;733;473;887;486;330;212;892;926;635;586;975;669;292;257;739;644;883;321;210;857;785;890;347;1128;535;671;861;904;1101;567;60;663;304;219;812;1042;264;417;861;938;900;458;798;971;1142;843;602;373;922;780;773;476;742;682;841;625;835;616;883;655;607;354;325;584;1049;191;483;131;406;443;702;643;196;872;871;1002;1114;465;824;431;532;732;655;995;283;722;889;457;730;377;376;835;743;102;683;453;233;608;479;144;872;431;770;419;831
19;218;713;789;450;703;196;506;887;387;173;613;533;29;411;427;856;438;832;360;0;461;505;477;161;181;345;617;505;402;436;96;540;418;914;836;414;462;816;619;352;369;840;487;71;654;359;566;383;250;180;501;328;303;413;226;690;640;218;363;531;161;764;126;527;356;784;545;619;726;584;125;558;527;295;815;458;908;271;561;426;482;853;227;505;717;675;94;377;487;699;422;619;210;348;360;372;547;607;571;254;216;643;786;311;486;682;808;113;113;390;284;550;421;536;774;525;611;151;888;190;806;602;941;850;526;315;564;227;207;716;780;363;358;581;646;610;597;457;881;927;944;245;159;684;517;415;610;384;594;581;755;762;594;840;422;281;37;555;354;851;329;679;423;330;592;386;301;268;764;578;727;874;611;829;121;212;428;311;817;280;625;863;640;808;426;63;485;680;261;564;639;330;659;420;241;737;121;735;591;508
20;246;723;474;171;258;500;289;817;109;556;493;763;453;246;506;438;408;501;345;461;0;113;169;490;306;717;226;149;494;71;524;82;791;593;659;236;139;868;614;688;534;411;731;407;205;730;237;276;598;626;234;244;162;219;325;312;179;319;431;765;350;336;355;664;772;672;131;483;836;174;442;223;179;521;482;516;491;659;202;476;621;466;672;307;442;763;376;267;332;365;217;201;260;658;800;752;127;720;141;224;258;689;631;576;313;812;355;348;432;826;669;795;39;290;537;609;719;330;894;539;354;671;559;879;257;305;372;239;266;500;837;104;193;697;778;743;137;739;648;886;513;620;341;703;608;775;152;746;381;657;303;511;288;547;480;557;483;155;430;785;170;222;237;210;131;613;614;214;563;721;815;882;150;479;579;499;621;625;719;182;421;548;182;389;75;425;790;422;368;401;181;143;263;213;286;578;579;435;133;731
21;309;635;362;94;201;499;402;714;214;567;395;718;490;358;449;355;339;391;452;505;113;0;76;497;376;712;123;39;441;184;551;94;783;483;548;348;252;782;529;675;493;336;691;441;157;724;123;385;596;652;134;217;205;331;411;208;172;322;384;720;367;260;385;605;780;567;41;383;762;80;512;109;67;497;372;453;408;662;88;417;566;369;695;420;329;688;432;215;446;254;330;275;326;641;817;747;44;652;69;251;328;609;523;555;224;743;309;396;500;840;671;751;130;401;424;542;650;358;800;543;305;597;462;789;152;406;270;277;333;389;753;192;167;630;710;677;134;708;534;785;440;623;362;617;543;764;136;737;274;585;255;398;175;434;422;541;533;247;385;683;266;247;350;194;144;578;601;295;452;659;737;788;148;372;626;494;577;610;615;233;313;437;209;306;84;458;762;309;462;302;210;229;164;147;372;470;626;322;172;686
22;303;561;338;28;254;445;456;647;251;519;324;645;459;400;375;380;264;374;481;477;169;76;0;448;373;654;143;42;368;234;512;170;723;464;492;391;307;707;454;613;423;368;620;409;218;665;93;422;539;611;65;163;198;374;419;213;244;276;313;648;327;295;352;530;727;502;106;314;686;125;502;82;50;433;355;378;431;608;84;342;491;376;652;473;289;612;414;147;494;234;375;349;322;577;769;689;112;576;135;226;327;533;462;491;149;667;362;375;489;790;616;679;171;459;377;466;574;326;728;492;357;521;466;716;89;430;202;258;330;335;678;217;120;555;634;601;209;640;490;717;470;569;324;542;467;702;209;677;212;509;309;354;136;404;347;479;508;317;315;615;289;322;394;149;220;509;540;304;397;584;661;716;223;362;598;439;506;549;550;227;252;415;285;333;107;424;695;262;475;232;286;248;183;77;382;409;598;290;248;614
23;289;562;716;420;698;35;613;743;448;70;496;375;133;516;283;823;323;761;493;161;490;497;448;0;289;230;591;485;258;489;100;557;306;835;717;517;534;658;474;215;213;815;329;132;654;244;523;498;114;174;451;285;329;511;353;650;657;175;234;373;141;743;152;367;283;653;538;507;565;570;283;519;498;136;746;315;872;168;531;289;323;805;208;616;635;516;217;314;606;640;519;676;292;200;320;264;542;447;567;266;303;489;664;150;407;521;806;202;270;342;179;394;453;639;677;371;452;169;733;49;802;447;886;693;471;439;476;258;293;616;621;411;331;422;485;450;614;306;776;778;916;129;151;533;363;294;623;264;507;426;752;669;538;756;284;120;193;616;226;708;406;712;526;303;615;225;150;349;656;418;568;719;629;766;223;51;267;162;681;317;532;785;672;778;434;118;342;597;402;467;671;389;630;376;354;620;223;660;623;348
24;70;757;709;350;562;317;329;908;215;333;599;654;187;232;475;732;440;747;206;181;306;376;373;289;0;510;498;389;453;267;270;388;586;835;813;234;283;881;652;504;448;709;610;160;509;524;467;209;401;361;417;269;175;232;71;580;485;211;396;653;181;633;145;611;534;784;413;600;809;456;136;456;416;393;728;502;785;439;450;461;563;744;409;330;649;748;87;327;316;607;241;442;50;490;542;541;413;686;434;161;48;697;769;430;435;772;661;87;126;571;452;677;267;357;725;586;689;143;938;334;660;663;836;908;445;149;517;128;43;672;845;201;272;660;735;697;443;593;837;961;813;406;168;731;581;578;458;547;542;644;609;706;506;771;461;401;191;378;388;872;152;512;243;251;435;495;440;94;728;668;803;924;455;736;286;327;527;451;825;145;579;786;476;682;292;178;632;617;132;528;473;163;540;341;64;716;286;659;427;624
25;518;572;872;627;908;217;839;768;679;177;606;265;328;742;367;1014;461;918;704;345;717;712;654;230;510;0;792;694;352;719;248;780;76;980;807;743;765;619;521;62;279;1011;222;350;869;14;717;720;118;201;643;494;559;738;567;840;878;398;371;259;371;944;381;348;100;718;752;622;503;779;465;715;702;229;907;393;1060;74;732;392;325;983;178;840;786;483;428;509;826;814;746;906;519;101;174;34;757;415;782;495;530;495;751;175;578;455;1016;424;456;176;60;262;681;866;803;396;423;400;711;181;1012;450;1056;663;657;655;629;488;520;744;586;641;545;398;427;401;836;166;885;780;1109;104;382;545;386;69;843;39;661;432;964;803;721;897;385;177;360;847;365;736;635;938;752;520;838;210;117;577;768;372;522;699;850;931;322;219;255;111;733;547;674;933;897;972;656;332;164;748;606;610;897;620;828;578;574;719;322;818;849;255
26;430;619;254;171;129;587;503;664;333;661;367;760;600;471;486;238;370;276;571;617;226;123;143;591;498;792;0;112;485;296;655;168;859;368;474;461;357;766;522;748;548;224;740;551;118;802;83;502;679;754;152;306;325;444;534;86;175;419;438;763;470;152;494;632;868;515;94;351;765;53;633;80;92;567;257;482;290;749;60;453;600;245;795;522;241;691;549;282;552;147;442;331;448;711;911;827;98;667;92;364;451;608;460;625;238;754;230;512;620;932;757;795;251;496;340;562;663;468;769;634;224;605;338;766;147;528;245;393;455;319;740;314;263;648;725;695;163;765;443;740;327;710;467;605;565;837;151;813;235;596;182;311;114;328;459;615;647;325;440;636;388;258;462;292;182;635;677;418;379;682;736;758;170;253;738;580;625;685;564;354;265;325;233;190;207;566;821;233;585;281;236;352;42;215;496;412;738;223;220;729
27;319;596;334;67;214;484;439;674;244;556;355;688;489;390;417;350;306;366;479;505;149;39;42;485;389;694;112;0;411;218;545;133;764;457;510;380;289;743;491;654;466;335;663;439;176;705;89;415;579;645;95;201;214;364;429;191;202;311;356;691;360;260;382;572;766;527;63;343;725;85;522;75;31;475;346;420;402;647;62;385;534;354;687;456;294;651;437;189;481;226;363;314;338;619;806;729;70;617;92;251;342;572;484;533;186;707;322;400;509;828;656;722;160;438;388;507;615;356;761;530;317;561;446;750;112;431;230;281;346;351;715;216;154;596;675;643;167;682;499;746;438;608;356;579;509;744;167;718;235;549;269;363;139;404;390;521;535;287;358;643;290;280;383;183;179;552;582;313;414;626;700;749;181;350;626;478;549;590;576;243;274;410;244;302;103;455;737;273;483;262;245;251;154;119;391;431;626;291;210;657
28;411;311;522;347;613;228;718;485;509;306;256;277;373;630;24;684;118;569;651;402;494;441;368;258;453;352;485;411;0;528;359;530;403;628;468;626;595;428;217;295;73;688;254;344;584;358;402;628;271;418;333;253;379;614;524;515;613;243;63;280;275;629;318;172;447;396;474;271;361;488;508;405;407;138;558;56;726;340;429;40;127;643;438;728;436;296;417;229;731;475;619;695;426;254;511;382;481;238;504;329;438;246;413;178;249;329;716;382;492;522;341;311;469;735;451;133;240;312;490;268;710;210;710;456;339;591;284;349;432;392;392;463;300;212;292;255;575;283;538;525;779;309;287;284;129;377;577;360;314;190;666;451;393;545;33;188;438;647;68;450;498;688;633;288;584;156;238;462;419;230;351;476;590;584;482;211;139;242;423;387;323;581;649;647;419;342;339;399;585;260;650;463;514;294;507;375;482;469;608;245
29;218;776;546;231;317;503;221;878;52;551;553;789;432;175;543;502;454;572;277;436;71;184;234;489;267;719;296;218;528;0;509;141;795;665;726;164;73;919;666;696;560;472;754;390;263;732;307;205;601;609;299;275;162;147;272;382;224;328;464;790;348;398;344;700;766;735;202;545;880;244;400;293;250;538;553;556;554;656;273;515;656;534;656;238;513;808;346;309;262;437;146;187;227;669;787;753;198;761;209;226;222;737;697;590;371;853;405;324;392;814;668;819;65;225;607;650;761;321;950;538;405;716;627;933;323;240;435;231;231;569;887;78;230;737;818;782;187;757;718;946;572;618;337;754;648;781;204;751;446;701;356;582;358;618;518;569;454;127;461;846;117;245;166;239;175;634;623;173;631;758;861;937;197;550;550;505;648;634;782;171;487;620;209;453;130;409;806;491;309;463;206;106;333;265;235;643;550;507;161;757
30;293;660;800;484;753;132;599;843;463;81;593;449;83;502;383;892;419;845;457;96;524;551;512;100;270;248;655;545;359;509;0;599;321;922;815;505;543;752;574;258;311;880;401;119;706;262;594;477;159;101;524;351;362;502;321;721;700;236;333;446;185;806;169;460;264;753;592;603;654;628;218;588;562;233;829;415;942;174;596;389;417;880;147;598;723;609;184;391;582;719;511;695;290;258;277;276;595;539;620;303;298;587;763;234;492;609;860;189;208;305;188;462;485;628;769;469;545;195;829;107;857;544;965;789;547;410;565;285;288;709;716;433;391;515;574;539;656;367;871;877;983;149;189;632;461;318;667;287;596;523;806;760;615;845;384;206;114;633;324;808;410;746;514;362;654;311;213;349;751;507;660;816;670;847;123;149;357;222;782;343;623;872;707;845;479;100;392;685;358;558;705;404;696;446;332;718;123;745;657;425
31;327;730;422;185;177;564;335;804;187;626;488;804;530;310;539;361;432;443;417;540;82;94;170;557;388;780;168;133;530;141;599;0;853;535;630;300;191;877;624;747;578;332;776;483;123;793;205;345;662;701;229;292;237;283;406;250;101;383;471;807;420;257;429;696;841;657;83;475;856;115;525;192;156;574;424;544;413;725;164;507;656;394;746;354;403;782;457;301;385;315;280;181;341;715;872;815;76;745;76;295;340;704;609;631;319;836;272;427;515;897;735;838;120;328;501;635;744;404;894;606;272;691;487;884;244;381;362;314;347;472;848;186;239;723;803;770;57;789;608;877;432;686;412;712;635;836;70;808;364;679;221;473;256;496;512;614;563;160;470;774;251;160;299;262;57;660;673;297;534;751;832;882;71;417;659;561;663;683;705;260;402;493;120;312;123;501;842;388;448;395;120;225;199;236;368;557;659;389;78;773
32;594;588;926;696;978;292;915;784;755;253;651;258;403;818;415;1077;517;972;778;418;791;783;723;306;586;76;859;764;403;795;321;853;0;1030;842;819;841;618;551;111;330;1076;224;426;939;62;782;795;194;263;708;565;634;814;642;904;950;472;430;252;447;1010;457;368;108;748;822;669;497;848;536;781;770;291;962;438;1122;147;799;443;354;1043;231;916;840;488;503;577;901;874;822;982;596;150;179;45;827;425;852;570;606;514;786;235;639;450;1085;500;528;168;134;245;756;942;850;426;434;476;714;257;1080;470;1113;664;721;730;685;564;596;791;587;717;617;412;427;407;908;164;925;788;1172;180;458;564;416;27;915;46;716;454;1033;852;783;947;436;243;431;922;425;754;712;1011;828;592;911;251;182;654;811;380;522;703;923;987;385;292;288;173;758;623;727;984;971;1036;730;408;136;802;680;663;971;696;894;646;650;758;385;872;923;258
33;765;564;126;485;409;818;870;491;698;901;381;845;890;840;614;265;521;92;936;914;593;483;464;835;835;980;368;457;628;665;922;535;1030;0;274;829;726;681;520;923;701;305;846;843;444;986;371;869;889;1009;419;586;662;812;883;284;510;695;615;851;752;331;788;700;1073;378;462;362;740;421;960;383;426;756;111;591;256;961;396;587;691;183;1041;889;199;678;867;536;920;231;811;678;785;881;1133;1010;467;692;459;680;791;599;308;805;430;752;420;826;946;1147;964;880;614;861;186;626;685;765;637;865;411;623;152;658;392;889;359;714;793;239;672;673;567;686;737;723;517;892;177;568;311;926;754;568;634;1003;500;987;327;627;417;178;329;83;594;809;949;685;622;481;747;577;830;592;536;779;864;768;238;727;700;631;518;119;1028;804;747;869;412;691;306;50;569;283;561;854;947;237;939;372;572;708;336;499;846;302;1028;179;574;822
34;748;304;268;500;572;691;948;220;743;772;223;622;808;891;447;497;398;290;963;836;659;548;492;717;813;807;474;510;468;726;815;630;842;274;0;882;798;409;293;745;535;529;634;767;586;810;426;910;739;885;428;543;659;866;875;420;648;625;482;629;679;521;722;482;906;110;547;216;478;521;914;439;480;606;298;417;507;806;466;432;487;416;907;965;236;424;816;485;987;339;867;805;768;705;975;833;554;453;559;652;777;355;55;643;379;498;625;775;898;982;806;654;663;948;139;416;445;703;362;734;617;388;421;384;403;908;300;685;776;158;403;704;548;454;490;483;637;688;103;298;567;777;685;314;426;815;626;805;282;398;603;168;374;216;437;656;873;791;491;207;773;730;886;564;656;596;701;772;96;494;438;356;645;330;935;675;554;702;137;685;241;258;707;494;599;772;738;242;937;284;711;730;464;484;843;98;935;263;694;605
35;230;902;710;383;468;540;97;1022;139;566;697;862;421;11;645;657;574;737;127;414;236;348;391;517;234;743;461;380;626;164;505;300;819;829;882;0;111;1040;792;732;641;624;822;393;416;757;470;51;630;594;454;385;250;16;195;546;366;392;562;863;388;553;365;796;769;883;366;691;987;408;334;456;412;601;717;664;708;672;437;622;749;695;642;102;675;919;321;433;108;601;20;254;224;714;774;774;362;864;372;296;213;855;850;646;514;955;543;319;332;804;685;889;220;123;767;756;865;352;1081;564;545;829;787;1059;480;119;586;281;223;726;1006;180;353;839;918;881;336;813;880;1086;719;639;375;879;753;810;354;779;601;811;500;743;520;782;624;619;418;198;557;988;127;356;9;351;320;703;665;171;788;854;973;1068;342;714;507;547;727;676;929;238;641;785;330;610;283;411;856;652;199;610;327;165;496;406;173;796;507;671;293;831
36;250;849;610;305;356;552;150;952;88;592;627;851;462;122;611;546;525;634;236;462;139;252;307;534;283;765;357;289;595;73;543;191;841;726;798;111;0;991;739;746;623;513;814;424;305;778;376;161;648;640;372;343;220;96;269;441;254;383;531;852;395;442;384;767;805;808;264;619;950;304;406;362;319;595;614;626;596;699;340;584;722;585;687;167;581;879;368;381;195;501;91;161;253;722;820;798;259;830;266;280;245;809;770;646;445;922;432;353;400;848;711;880;139;152;676;719;830;365;1023;583;434;787;677;1005;396;214;509;278;255;640;959;133;301;805;886;850;225;813;787;1020;608;662;384;827;717;829;243;798;519;771;388;651;428;683;587;623;474;98;528;919;132;250;110;307;208;694;674;194;703;826;932;1010;230;609;569;555;710;685;856;222;559;682;221;499;203;444;861;561;292;536;218;145;390;339;236;716;569;573;182;819
37;837;147;645;698;890;624;1127;224;912;680;398;360;787;1046;405;872;467;680;1077;816;868;782;707;658;881;619;766;743;428;919;752;877;618;681;409;1040;991;0;253;562;447;896;398;766;884;615;689;1048;614;778;648;655;790;1027;953;747;933;671;486;366;704;866;746;292;715;303;801;415;122;795;931;699;724;522;682;380;894;657;729;422;335;800;778;1139;579;143;843;611;1148;673;1031;1057;853;533;790;631;809;213;825;749;865;185;374;520;558;169;970;810;916;785;649;376;854;1139;514;295;207;741;98;646;962;218;822;47;636;1017;522;773;859;487;36;866;691;237;192;219;907;457;512;188;954;645;715;165;302;593;902;598;531;238;934;536;651;613;421;547;850;1022;493;214;913;1017;1047;689;921;445;559;884;454;251;97;90;919;715;872;606;396;553;272;804;504;658;984;856;793;761;485;561;1014;486;986;875;775;655;935;394;872;617;954;364
38;600;110;448;444;649;443;877;269;661;516;162;330;589;799;192;659;218;491;839;619;614;529;454;474;652;521;522;491;217;666;574;624;551;520;293;792;739;253;0;459;267;676;340;558;638;523;442;804;469;627;396;408;543;779;722;515;684;441;260;336;483;636;527;188;622;197;550;182;245;546;720;451;473;345;487;160;689;530;480;194;196;596;641;890;368;172;627;360;901;448;782;804;618;420;693;545;557;172;574;508;629;87;239;369;305;242;737;589;705;698;528;363;601;888;335;124;165;517;289;478;729;102;639;266;385;779;276;535;624;288;223;615;440;165;221;203;656;394;385;310;748;506;493;88;135;523;652;516;291;107;697;348;408;440;196;388;655;768;268;233;667;767;799;441;670;311;424;643;283;207;214;275;668;519;698;425;266;423;213;559;272;484;733;634;540;558;444;341;784;240;735;627;536;402;700;222;698;407;701;312
39;504;510;817;586;868;194;829;706;659;178;547;213;331;732;309;966;407;863;705;352;688;675;613;215;504;62;748;654;295;696;258;747;111;923;745;732;746;562;459;0;221;965;168;344;830;64;671;713;103;235;597;457;533;726;566;792;843;369;319;208;350;899;367;287;162;656;713;564;447;739;476;670;660;180;852;334;1011;101;688;335;263;932;222;832;731;423;427;466;821;763;734;882;508;41;236;88;719;355;743;470;519;433;689;124;528;399;975;416;466;238;91;216;653;855;745;334;363;383;652;169;970;389;1003;605;610;653;576;467;509;686;527;618;509;337;370;343;801;117;825;719;1061;110;362;484;324;89;808;65;606;370;923;746;672;840;328;133;373;823;314;674;620;906;741;485;805;149;73;564;709;312;464;640;816;877;351;190;193;64;671;525;618;877;866;925;624;328;133;693;610;554;865;600;783;536;569;658;351;763;818;199
40;417;348;596;400;673;180;736;534;536;249;328;229;340;645;89;753;188;642;653;369;534;493;423;213;448;279;548;466;73;560;311;578;330;701;535;641;623;447;267;221;0;756;198;320;642;284;466;638;204;359;395;290;403;631;520;582;666;249;110;231;267;695;306;162;375;457;529;344;362;547;484;468;465;79;632;118;796;271;490;113;115;715;374;744;510;307;400;278;744;546;637;735;429;180;440;309;535;240;559;347;442;275;480;107;316;323;778;370;469;450;271;261;505;756;524;158;244;305;519;211;772;233;783;481;403;594;356;360;434;465;410;490;341;214;286;249;626;217;609;565;849;242;280;320;149;304;630;286;386;212;728;524;461;618;106;121;403;683;108;499;516;737;650;324;634;87;166;473;491;219;360;506;641;657;434;162;87;169;480;406;397;655;698;715;461;314;273;472;578;333;698;485;579;347;508;444;434;542;654;197
41;643;756;261;396;156;810;638;746;519;886;514;954;824;635;686;42;570;243;747;840;411;336;368;815;709;1011;224;335;688;472;880;332;1076;305;529;624;513;896;676;965;756;0;940;774;209;1021;294;672;901;979;368;530;541;609;736;173;261;644;648;959;695;76;717;818;1090;607;297;493;921;255;846;297;317;784;232;675;84;972;284;652;792;122;1020;658;317;849;768;504;695;227;604;417;660;926;1135;1046;297;839;275;585;661;764;539;841;440;918;117;732;834;1156;979;990;446;621;394;744;834;691;876;857;109;771;188;885;354;713;415;613;667;409;877;513;488;824;894;869;288;971;456;825;103;932;691;750;749;1053;270;1030;392;767;132;367;295;320;659;834;868;444;652;727;582;303;623;517;304;843;895;623;451;862;886;867;282;202;961;802;827;903;651;569;404;288;309;42;418;790;1028;337;780;448;313;553;185;439;697;505;961;279;334;926
42;593;366;754;597;867;297;919;560;726;321;465;47;461;824;254;934;371;800;816;487;731;691;620;329;610;222;740;663;254;754;401;776;224;846;634;822;814;398;340;168;198;940;0;460;838;217;657;812;244;398;588;487;594;813;678;767;863;432;306;44;435;883;465;152;316;534;726;484;280;742;611;660;661;221;792;265;973;268;683;287;155;887;390;925;668;265;545;476;920;721;820;932;601;148;392;233;732;201;756;534;614;292;579;181;503;232;970;524;599;388;258;66;702;940;661;221;210;473;491;297;964;251;946;442;593;760;528;542;605;606;365;681;539;189;205;183;824;60;724;564;1028;267;448;342;212;197;827;200;555;237;921;668;645;763;281;210;514;879;306;531;700;936;831;521;832;120;188;651;616;156;301;480;839;821;508;284;114;179;540;594;557;804;896;898;659;447;103;634;730;499;897;672;768;544;674;558;508;705;852;34
43;174;656;718;382;641;162;489;825;344;173;544;505;49;392;369;789;371;761;361;71;407;441;409;132;160;350;551;439;344;390;119;483;426;843;767;393;424;766;558;344;320;774;460;0;593;364;497;370;240;219;431;258;245;389;222;622;584;147;299;503;90;699;56;481;380;718;482;550;681;520;164;489;459;252;744;399;841;279;494;364;434;784;266;490;646;627;85;306;477;628;397;576;172;332;397;381;484;560;508;190;182;588;718;279;414;640;747;74;149;424;292;525;367;516;703;472;564;83;833;174;745;550;872;797;456;308;493;168;172;645;729;313;289;534;603;567;540;438;811;869;878;246;88;628;465;417;552;386;523;529;694;691;524;769;361;249;107;514;291;789;292;628;402;261;537;350;282;231;694;535;680;820;554;758;188;175;388;293;753;224;554;792;588;741;365;19;473;609;271;494;587;284;592;350;225;669;188;664;539;477
44;446;736;345;244;53;656;437;780;311;724;485;861;641;427;589;241;474;356;537;654;205;157;218;654;509;869;118;176;584;263;706;123;939;444;586;416;305;884;638;830;642;209;838;593;0;880;195;463;753;807;253;374;350;400;530;169;66;479;532;864;522;137;538;739;937;632;116;469;880;96;646;188;177;651;338;588;291;819;160;555;704;285;851;457;350;806;575;366;492;249;396;234;462;795;974;904;112;779;87;403;461;723;575;709;345;867;154;542;636;997;828;896;242;423;448;672;776;511;887;701;152;718;375;884;256;504;362;426;468;433;858;309;324;759;837;806;80;858;545;857;308;780;516;723;674;919;62;893;353;709;100;419;233;420;561;696;679;245;533;754;375;143;415;351;97;728;757;419;492;791;851;876;76;324;774;651;723;766;681;375;384;407;126;194;227;610;913;347;572;398;129;348;122;296;492;528;774;326;132;830
45;532;571;879;638;919;230;853;767;693;191;611;258;342;756;372;1023;469;926;718;359;730;724;665;244;524;14;802;705;358;732;262;793;62;986;810;757;778;615;523;64;284;1021;217;364;880;0;727;734;131;214;653;506;572;752;581;850;890;410;379;253;384;954;395;347;101;720;763;628;498;790;479;725;713;237;914;398;1069;88;742;398;326;992;189;854;793;480;442;520;840;823;760;919;533;105;176;24;768;413;793;508;544;494;754;183;587;449;1027;438;470;176;74;254;694;880;809;398;421;413;708;195;1023;450;1064;659;667;669;637;502;534;750;582;654;557;396;422;398;848;159;889;778;1118;118;395;545;388;55;855;26;668;432;974;809;730;903;391;187;374;860;373;735;649;950;766;531;850;213;126;591;773;369;518;696;862;939;335;231;257;119;734;561;681;939;910;982;669;346;153;755;620;616;909;633;838;588;588;723;335;825;862;251
