PARÂMETROS
100;5;15;25
COORDENADAS
0;750;320
1;265;943
2;357;164
3;29;622
4;69;288
5;698;1000
6;667;829
7;513;153
8;713;140
9;160;333
10;414;851
11;332;92
12;374;928
13;762;752
14;123;117
15;718;90
16;561;977
17;58;204
18;483;676
19;842;924
20;816;492
21;424;556
22;127;491
23;441;838
24;686;203
25;859;833
26;220;244
27;39;425
28;49;600
29;407;248
30;248;672
31;599;294
32;426;930
33;677;606
34;173;414
35;269;710
36;216;564
37;873;409
38;842;244
39;307;753
40;495;687
41;822;100
42;274;113
43;51;906
44;771;214
45;835;403
46;6;738
47;314;274
48;701;144
49;864;309
50;678;268
51;376;728
52;0;346
53;292;233
54;100;498
55;50;782
56;508;850
57;911;851
58;367;13
59;502;379
60;733;937
61;155;729
62;642;573
63;704;800
64;695;666
65;615;889
66;673;38
67;773;244
68;396;368
69;215;974
70;844;368
71;952;999
72;854;880
73;78;522
74;820;553
75;774;823
76;674;681
77;880;333
78;28;738
79;147;193
80;433;473
81;412;275
82;773;59
83;731;398
84;434;429
85;975;171
86;161;158
87;59;329
88;649;997
89;92;764
90;932;112
91;529;528
92;977;184
93;761;701
94;787;84
95;848;706
96;125;511
97;23;978
98;748;451
99;771;976
DISTÂNCIAS
DE/PARA;0;1;2;3;4;5;6;7;8;9;10;11;12;13;14;15;16;17;18;19;20;21;22;23;24;25;26;27;28;29;30;31;32;33;34;35;36;37;38;39;40;41;42;43;44;45;46;47;48;49;50;51;52;53;54;55;56;57;58;59;60;61;62;63;64;65;66;67;68;69;70;71;72;73;74;75;76;77;78;79;80;81;82;83;84;85;86;87;88;89;90;91;92;93;94;95;96;97;98;99
0;0;789;422;781;681;681;515;289;183;590;628;476;714;432;659;232;683;701;445;610;184;402;646;603;133;524;535;718;754;350;613;153;690;295;584;619;587;151;119;619;446;231;519;912;108;118;853;438;182;114;88;553;750;466;673;838;582;554;490;254;617;722;275;482;350;584;292;79;357;844;105;708;569;701;243;503;368;130;834;616;351;340;262;80;334;269;610;691;684;793;276;303;264;381;238;398;653;980;131;656
1;789;0;784;398;683;436;417;828;919;618;175;853;110;532;838;965;297;767;344;577;712;418;472;204;851;604;700;565;405;709;271;729;161;532;536;233;382;809;906;194;344;1010;830;217;887;785;330;670;910;872;791;241;653;710;474;268;260;652;935;611;468;240;528;461;511;354;992;864;589;58;816;689;592;460;678;522;485;866;313;759;499;683;1019;717;541;1048;791;647;387;248;1065;491;1040;551;1005;629;454;244;689;507
2;422;784;0;563;313;902;733;156;356;259;689;76;764;713;238;368;838;301;527;901;564;397;399;679;331;836;158;411;533;97;519;274;769;545;310;553;424;571;491;591;540;469;97;802;417;534;672;118;344;527;337;564;400;94;421;690;702;882;151;259;859;600;498;724;605;769;340;423;207;822;528;1025;871;453;604;779;606;549;661;211;318;123;429;441;275;618;196;340;882;655;577;402;620;672;437;731;417;879;485;911
3;781;398;563;0;336;768;670;673;836;317;447;610;461;744;513;870;639;419;457;867;797;400;163;465;779;856;423;197;29;531;224;657;502;648;252;255;195;870;896;307;470;949;564;284;846;835;118;449;824;891;739;362;277;469;142;161;530;911;696;531;771;165;614;698;667;643;869;834;446;398;853;997;864;111;794;771;647;898;116;444;430;516;933;736;448;1048;482;294;724;155;1037;508;1044;736;929;823;146;356;739;822
4;681;683;313;336;0;950;806;464;660;101;660;328;708;833;179;678;846;84;567;1001;774;444;211;663;622;959;157;140;312;340;423;530;734;686;163;466;312;813;774;522;583;776;269;618;705;774;454;245;648;795;609;536;90;229;212;494;713;1012;405;442;928;449;639;815;731;811;653;705;336;701;779;1133;983;234;796;885;721;812;451;122;408;343;740;671;391;913;159;42;916;476;880;518;913;805;746;884;229;691;698;982
5;681;436;902;768;950;0;173;866;860;856;320;978;331;256;1053;910;138;1021;388;162;521;521;764;303;797;231;894;874;762;806;556;712;280;394;786;517;649;616;769;462;373;908;983;653;789;612;739;821;856;710;732;421;956;867;780;683;242;259;1041;651;72;606;430;200;334;138;962;759;700;483;648;254;196;782;463;192;319;691;719;977;589;779;943;602;629;874;998;926;49;650;918;501;862;305;920;330;753;675;551;76
6;515;417;733;670;806;173;0;693;690;709;253;809;309;122;896;740;182;872;239;199;368;365;637;226;626;192;736;746;659;636;447;539;261;223;645;415;523;467;610;367;223;745;816;620;623;457;667;657;685;556;561;308;823;704;656;618;160;244;869;479;126;521;257;47;165;79;791;594;534;474;493;331;193;664;315;107;148;539;645;821;426;609;777;435;462;726;840;787;168;578;764;331;715;158;754;218;628;661;386;180
7;289;828;156;673;464;866;693;0;200;396;704;191;787;648;391;214;825;457;523;838;454;412;513;688;180;762;306;546;644;142;582;165;781;481;428;608;507;441;341;634;534;313;242;883;265;407;774;232;188;384;201;591;548;235;538;781;697;803;202;226;814;678;439;674;544;743;197;275;244;873;394;953;803;570;504;719;552;408;759;368;329;158;276;327;287;462;352;486;854;741;421;375;465;601;282;646;527;959;379;862
8;183;919;356;836;660;860;690;200;0;585;771;384;857;613;590;50;850;658;583;794;366;506;683;749;68;708;503;731;807;324;706;191;840;467;605;722;653;312;165;735;588;116;439;1012;94;289;925;420;12;226;132;677;742;431;709;922;739;738;368;318;797;811;438;660;526;755;109;120;390;971;262;891;753;741;426;685;542;255;909;568;435;329;100;258;401;263;552;680;859;880;220;429;267;563;92;581;695;1085;312;838
9;590;618;259;317;101;856;709;396;585;0;576;296;632;733;219;608;758;164;471;902;674;345;161;577;541;859;107;152;289;261;350;440;653;584;82;392;237;717;687;444;487;701;247;583;622;678;433;164;573;704;522;450;160;165;175;462;623;912;381;345;832;396;538;716;630;718;591;619;238;643;684;1034;883;206;695;785;620;720;425;140;306;258;671;574;290;830;175;101;824;436;803;417;830;704;674;782;181;659;599;887
10;628;175;689;447;660;320;253;704;771;576;0;763;86;361;789;819;193;738;188;434;538;295;460;29;702;445;637;567;442;603;244;586;79;359;499;202;348;637;742;145;182;854;751;367;730;614;423;585;763;704;639;128;653;629;472;370;94;497;839;480;330;286;359;294;336;204;853;705;483;233;646;557;440;470;503;361;310;696;402;710;378;576;869;552;422;881;737;631;276;333;902;342;872;378;852;457;446;411;521;378
11;476;853;76;610;328;978;809;191;384;296;763;0;837;787;210;386;914;296;603;975;627;473;448;753;370;909;188;443;581;173;586;334;843;619;359;621;486;627;532;661;616;490;61;861;455;591;723;182;372;574;388;637;418;146;467;745;778;954;86;333;935;661;572;799;679;845;345;466;283;889;581;1098;945;499;671;854;681;598;713;210;394;199;442;502;352;647;183;361;958;713;600;478;651;744;455;802;467;938;549;987
12;714;110;764;461;708;331;309;787;857;632;86;837;0;426;848;905;193;789;274;468;620;375;501;112;789;494;701;604;461;680;285;672;52;442;551;241;396;719;828;187;269;941;821;323;816;698;414;656;849;789;726;200;691;699;509;355;155;542;915;563;359;295;444;353;414;244;938;791;560;165;731;582;482;502;582;413;388;781;394;769;458;654;956;639;502;966;798;676;283;326;988;428;957;448;939;523;485;354;606;399
13;432;532;713;744;833;256;122;648;613;733;361;787;426;0;900;663;301;892;289;189;265;390;686;332;554;126;742;793;729;616;520;486;380;168;679;494;577;360;514;455;274;654;804;727;538;356;756;655;611;454;491;386;863;700;709;712;272;178;837;454;187;607;215;75;109;200;719;508;530;590;392;311;157;721;207;72;113;435;734;831;431;591;693;355;460;618;845;820;269;670;662;323;607;51;668;97;681;772;301;224
14;659;838;238;513;179;1053;896;391;590;219;789;210;848;900;0;595;965;108;664;1080;787;532;374;788;569;1026;159;319;488;312;568;507;867;738;301;610;456;804;730;662;680;699;151;792;655;767;631;247;578;765;575;661;259;204;381;668;827;1076;265;460;1022;612;690;896;792;915;555;662;370;861;763;1210;1056;407;822;960;788;787;628;79;472;329;652;669;440;853;55;221;1025;647;809;577;856;864;664;934;394;866;708;1076
15;232;965;368;870;678;910;740;214;50;608;819;386;905;663;595;0;900;669;631;843;413;550;714;797;117;756;521;757;841;348;748;236;889;517;634;765;690;354;197;780;637;104;444;1053;134;334;962;443;56;263;182;723;762;449;740;961;788;785;359;360;847;851;488;710;576;805;68;163;425;1017;305;938;801;772;474;735;592;292;946;580;477;357;63;308;442;269;561;701;909;919;215;477;275;612;69;629;727;1127;362;887
16;683;297;838;639;846;138;182;825;850;758;193;914;193;301;965;900;0;922;310;285;547;442;651;183;784;330;808;759;635;745;437;684;142;388;683;395;538;648;785;338;297;915;910;514;791;636;604;745;844;733;718;310;844;791;664;546;137;371;983;600;176;475;412;227;338;103;945;763;630;346;671;391;308;663;496;262;316;718;584;886;520;717;942;603;562;906;911;819;90;515;941;450;895;340;921;394;638;538;558;210
17;701;767;301;419;84;1021;872;457;658;164;738;296;789;892;108;669;922;0;635;1064;810;507;295;740;628;1018;166;221;396;351;505;548;813;738;239;548;393;840;785;602;651;771;234;702;713;802;536;265;645;812;623;612;153;235;296;578;787;1070;363;477;996;533;690;878;786;882;637;716;375;785;802;1196;1044;318;838;946;779;832;534;89;461;361;729;700;438;917;112;125;989;561;878;571;919;860;738;936;314;774;732;1050
18;445;344;527;457;567;388;239;523;583;471;188;603;274;289;664;631;310;635;0;436;380;133;401;167;514;407;505;510;440;434;235;399;260;206;405;216;289;472;561;192;16;668;600;489;544;445;481;436;574;529;452;118;584;482;422;445;175;462;673;297;361;332;189;253;212;250;665;520;320;400;474;569;423;433;358;326;191;524;459;588;209;407;681;372;251;705;609;547;361;400;720;154;697;279;665;366;394;550;347;415
19;610;577;901;867;1001;162;199;838;794;902;434;975;468;189;1080;843;285;1064;436;0;432;556;835;410;737;92;921;945;856;803;645;675;416;358;841;611;722;515;680;561;420;824;990;791;713;521;856;837;792;615;676;505;1021;883;855;804;342;100;1027;642;109;714;403;185;296;229;901;683;712;628;556;133;45;863;371;121;295;592;834;1008;608;778;867;537;641;764;1024;983;206;766;816;504;752;237;841;218;827;820;482;88
20;184;712;564;797;774;521;368;454;366;674;538;627;620;265;787;413;547;810;380;432;0;397;689;510;316;343;645;779;774;476;595;293;586;179;647;588;604;100;249;572;375;392;661;869;281;91;846;547;366;189;263;499;828;584;716;819;472;371;656;333;452;702;191;327;211;444;475;251;437;770;127;524;389;738;61;333;236;171;825;732;383;458;435;126;387;358;735;774;531;773;397;289;347;216;409;216;691;930;79;486
21;402;418;397;400;444;521;365;412;506;345;295;473;375;390;532;550;442;507;133;556;397;0;304;282;439;515;372;406;377;308;210;315;374;257;288;218;208;472;521;229;149;605;467;511;487;438;455;302;496;504;384;178;473;348;329;436;305;569;545;193;490;319;218;371;292;383;574;468;190;467;460;689;538;347;396;440;279;507;435;456;83;281;607;345;127;672;477;429;495;391;674;108;666;366;595;449;302;582;340;544
22;646;472;399;163;211;764;637;513;683;161;460;448;501;686;374;714;651;295;401;835;689;304;0;467;628;807;263;110;134;370;217;511;531;561;89;261;115;750;756;317;416;797;405;421;701;713;275;286;670;759;594;343;192;306;27;301;523;862;534;391;752;239;521;654;594;629;709;691;295;490;727;968;824;57;695;727;579;769;266;298;306;357;777;611;313;906;334;175;726;275;889;403;903;667;775;752;20;497;622;806
23;603;204;679;465;663;303;226;688;749;577;29;753;112;332;788;797;183;740;167;410;510;282;467;0;680;418;633;576;458;590;254;566;93;330;501;214;354;608;716;158;160;830;743;395;705;586;446;578;741;677;617;127;660;623;481;394;68;470;828;463;308;306;332;265;306;181;832;680;472;263;619;535;415;481;474;333;280;669;424;708;365;563;846;526;409;854;735;636;261;356;876;322;845;348;829;427;454;440;493;357
24;133;851;331;779;622;797;626;180;68;541;702;370;789;554;569;117;784;628;514;737;316;439;628;680;0;653;467;684;750;282;641;125;772;403;554;656;592;278;161;667;520;170;421;947;85;249;865;378;60;207;65;609;700;395;656;860;671;685;371;254;735;747;372;597;463;689;165;96;333;903;228;839;697;686;374;626;478;233;848;539;370;283;168;200;338;290;526;639;794;817;262;360;291;503;156;528;639;1019;255;777
25;524;604;836;856;959;231;192;762;708;859;445;909;494;126;1026;756;330;1018;407;92;343;515;807;418;653;0;869;915;842;739;631;598;443;290;803;602;697;424;589;557;392;733;927;811;625;430;858;780;706;524;593;494;987;825;829;810;351;55;956;577;163;711;338;158;234;250;816;595;656;659;465;190;47;840;282;85;239;500;836;957;557;714;778;453;586;672;970;945;266;770;724;449;659;164;752;127;801;848;397;167
26;535;700;158;423;157;894;736;306;503;107;637;188;701;742;159;521;808;166;505;921;645;372;263;633;467;869;0;255;394;187;428;382;716;583;176;468;320;673;622;516;521;618;141;683;551;635;538;98;491;647;458;508;242;72;280;564;670;919;273;312;862;489;535;737;635;756;497;553;215;730;636;1051;898;312;674;801;630;665;530;89;312;194;583;533;282;758;104;182;866;535;724;419;759;708;589;779;283;759;567;916
27;718;565;411;197;140;874;746;546;731;152;567;443;604;793;319;757;759;221;510;945;779;406;110;576;684;915;255;0;175;408;323;575;636;663;134;366;225;834;823;423;525;847;390;481;761;796;314;313;719;833;658;453;88;317;95;357;632;970;526;465;862;325;620;763;698;739;742;755;361;576;807;1078;933;104;791;835;684;846;313;255;396;402;820;692;395;969;293;98;836;343;946;500;968;772;822;856;121;553;709;916
28;754;405;533;29;312;762;659;644;807;289;442;581;461;729;488;841;635;396;440;856;774;377;134;458;750;842;394;175;0;502;211;629;501;628;223;245;170;845;869;299;454;920;536;306;818;810;144;420;795;865;711;351;258;440;114;182;522;897;667;504;762;166;593;684;649;635;839;806;417;409;828;987;852;83;772;758;630;872;139;418;404;487;903;711;421;1020;455;271;719;169;1008;485;1016;719;900;806;117;378;714;814
29;350;709;97;531;340;806;636;142;324;261;603;173;680;616;312;348;745;351;434;803;476;308;370;590;282;739;187;408;502;0;452;197;682;448;286;482;369;493;435;514;447;440;189;748;365;455;633;96;311;461;271;481;418;115;395;642;610;785;238;161;762;543;401;626;507;673;338;366;120;750;453;927;774;428;513;682;508;480;619;265;226;27;411;357;183;573;261;357;787;604;542;305;573;574;413;635;385;824;396;813
30;613;271;519;224;423;556;447;582;706;350;244;586;285;520;568;748;437;505;235;645;595;210;217;254;641;631;428;323;211;452;0;515;313;434;268;43;112;678;732;100;247;810;559;305;695;645;250;403;695;715;590;139;409;441;228;226;315;686;669;387;552;109;406;473;447;426;763;677;338;303;669;776;640;226;584;547;426;717;229;489;271;429;807;555;306;882;521;391;516;181;884;315;877;513;797;600;202;379;546;604
31;153;729;274;657;530;712;539;165;191;440;586;334;672;486;507;236;684;548;399;675;293;315;511;566;125;598;382;575;629;197;515;0;659;321;442;530;468;297;248;544;406;295;372;821;189;259;740;285;181;265;83;487;601;313;539;734;563;638;364;128;656;621;282;516;384;595;266;181;216;780;255;788;639;568;340;557;394;283;723;463;244;187;292;168;213;395;458;541;704;691;379;244;393;438;281;481;521;894;216;703
32;690;161;769;502;734;280;261;781;840;653;79;843;52;380;867;889;142;813;260;416;586;374;531;93;772;443;716;636;501;682;313;659;0;409;574;270;421;686;802;213;252;919;831;375;794;667;461;665;832;759;708;208;722;709;541;404;114;491;918;556;307;337;417;306;376;193;925;768;562;215;700;530;430;536;545;364;351;750;441;788;457;655;937;613;501;936;816;704;232;372;961;414;927;405;919;477;515;405;577;348
33;295;532;545;648;686;394;223;481;467;584;359;619;442;168;738;517;388;738;206;358;179;257;561;330;403;290;583;663;628;448;434;321;409;0;539;421;462;277;397;398;199;526;636;694;403;257;683;491;462;350;338;324;725;536;587;651;296;338;669;286;335;536;48;195;62;289;568;374;368;590;290;479;326;604;152;237;75;340;662;671;277;424;555;214;300;527;683;677;392;605;555;167;517;126;533;198;560;752;170;381
34;584;536;310;252;163;786;645;428;605;82;499;359;551;679;301;634;683;239;405;841;647;288;89;501;554;803;176;134;223;286;268;442;574;539;0;311;156;700;690;364;422;720;317;506;630;662;364;198;593;698;525;373;185;216;111;388;549;857;445;330;766;315;495;656;579;648;625;623;227;561;672;974;825;143;661;726;567;711;354;222;266;276;697;558;261;838;256;142;752;359;816;373;836;654;697;735;108;583;576;820
35;619;233;553;255;466;517;415;608;722;392;202;621;241;494;610;765;395;548;216;611;588;218;261;214;656;602;468;366;245;482;43;530;270;421;311;0;155;674;738;57;227;823;597;293;705;643;264;438;712;717;602;108;452;477;271;230;276;657;703;404;516;115;397;444;428;389;784;686;364;269;669;741;609;268;572;517;406;717;242;531;288;457;823;557;325;888;562;435;476;185;892;317;882;492;812;579;245;363;544;568
36;587;382;424;195;312;649;523;507;653;237;348;486;396;577;456;690;538;393;289;722;604;208;115;354;592;697;320;225;170;369;112;468;421;462;156;155;0;675;703;209;304;763;454;379;656;639;272;306;641;696;548;229;306;339;133;274;408;751;571;340;637;175;426;542;489;514;696;642;266;410;657;854;711;144;604;615;472;703;256;377;235;349;751;541;256;854;409;282;612;235;846;315;850;561;745;647;105;456;543;691
37;151;809;571;870;813;616;467;441;312;717;637;627;719;360;804;354;648;840;472;515;100;472;750;608;278;424;673;834;845;493;678;297;686;277;700;674;675;0;167;662;469;313;668;960;220;38;927;575;315;100;240;590;875;607;778;903;572;443;642;372;546;786;283;425;312;544;421;192;478;867;50;595;471;802;153;425;337;76;906;757;444;480;364;142;439;258;754;817;629;857;302;364;247;312;336;298;754;1022;131;576
38;119;906;491;896;774;769;610;341;165;687;742;532;828;514;730;197;785;785;561;680;249;521;756;716;161;589;622;823;869;435;732;248;802;397;690;738;703;167;0;738;562;145;582;1031;77;159;971;528;172;68;165;671;848;550;784;957;691;610;528;365;701;840;385;572;446;683;266;69;462;962;124;762;636;813;309;582;468;96;952;696;468;431;197;189;447;151;686;787;777;912;159;422;147;464;169;462;765;1099;227;735
39;619;194;591;307;522;462;367;634;735;444;145;661;187;455;662;780;338;602;192;561;572;229;317;158;667;557;516;423;299;514;100;544;213;398;364;57;209;662;738;0;199;831;640;298;711;633;301;479;725;712;610;73;509;520;328;258;223;611;742;421;464;153;380;399;397;336;803;690;395;239;660;690;561;325;550;472;373;710;279;582;307;489;835;552;348;885;612;491;420;215;895;316;879;456;823;543;302;362;534;514
40;446;344;540;470;583;373;223;534;588;487;182;616;269;274;680;637;297;651;16;420;375;149;416;160;520;392;521;525;454;447;247;406;252;199;422;227;304;469;562;199;0;671;615;495;547;443;491;450;580;528;457;125;601;497;437;455;163;447;686;308;345;342;186;237;201;234;672;523;334;400;472;553;407;448;351;310;179;523;469;604;222;420;686;373;265;704;625;564;346;410;722;162;696;266;669;353;409;554;345;399
41;231;1010;469;949;776;908;745;313;116;701;854;490;941;654;699;104;915;771;668;824;392;605;797;830;170;733;618;847;920;440;810;295;919;526;720;823;763;313;145;831;671;0;548;1115;124;303;1035;536;128;213;221;770;858;546;824;1030;813;756;463;424;841;916;506;709;580;815;161;152;503;1064;268;908;780;855;453;724;599;240;1018;681;538;445;63;311;508;168;663;796;913;986;110;518;176;604;38;606;809;1187;358;877
42;519;830;97;564;269;983;816;242;439;247;751;61;821;804;151;444;910;234;600;990;661;467;405;743;421;927;141;390;536;189;559;372;831;636;317;597;454;668;582;640;615;548;0;823;507;631;680;165;428;621;432;623;359;121;422;705;773;974;136;350;943;627;589;810;695;847;405;515;282;863;624;1115;961;453;701;868;694;644;671;150;393;212;501;538;354;703;121;304;960;675;658;487;706;763;513;825;424;900;582;995
43;912;217;802;284;618;653;620;883;1012;583;367;861;323;727;792;1053;514;702;489;791;869;511;421;395;947;811;683;481;306;748;305;821;375;694;506;293;379;960;1031;298;495;1115;823;0;998;931;173;684;1001;1008;894;370;562;714;410;124;460;861;947;693;682;205;678;661;687;564;1067;979;639;177;958;905;803;384;846;727;662;1007;169;719;577;726;1112;848;611;1180;756;577;604;147;1186;609;1174;739;1103;821;401;77;832;723
44;108;887;417;846;705;789;623;265;94;622;730;455;816;538;655;134;791;713;544;713;281;487;701;705;85;625;551;761;818;365;695;189;794;403;630;705;656;220;77;711;547;124;507;998;0;199;927;460;98;132;107;648;782;479;728;917;688;652;451;315;723;802;381;589;458;692;201;30;405;941;170;805;671;758;342;609;476;161;909;624;425;364;155;188;399;208;612;721;792;873;190;396;208;487;130;497;711;1069;238;762
45;118;785;534;835;774;612;457;407;289;678;614;591;698;356;767;334;636;802;445;521;91;438;713;586;249;430;635;796;810;455;645;259;667;257;662;643;639;38;159;633;443;303;631;931;199;0;894;536;291;98;207;562;836;568;741;871;553;454;609;333;543;754;257;418;297;533;399;170;440;842;36;607;477;766;150;424;321;83;873;719;408;441;349;104;401;270;717;779;622;826;306;330;261;307;322;303;718;994;99;576
46;853;330;672;118;454;739;667;774;925;433;423;723;414;756;631;962;604;536;481;856;846;455;275;446;865;858;538;314;144;633;250;740;461;683;364;264;272;927;971;301;491;1035;680;173;927;894;0;556;914;959;820;370;392;580;257;62;514;912;809;612;753;149;657;700;692;627;966;912;537;315;916;981;859;227;834;772;670;963;22;562;502;615;1024;800;527;1122;600;412;693;89;1117;563;1117;755;1018;842;256;240;795;801
47;438;670;118;449;245;821;657;232;420;164;585;182;656;655;247;443;745;265;436;837;547;302;286;578;378;780;98;313;420;96;403;285;665;491;198;438;306;575;528;479;450;536;165;684;460;536;556;0;408;551;364;458;322;46;309;572;607;830;266;215;784;481;443;654;546;684;429;459;124;706;538;965;811;342;577;716;543;569;545;185;231;98;506;435;196;668;192;260;796;537;638;332;669;618;509;686;303;761;468;837
48;182;910;344;824;648;856;685;188;12;573;763;372;849;611;578;56;844;645;574;792;366;496;670;741;60;706;491;719;795;311;695;181;832;462;593;712;641;315;172;725;580;128;428;1001;98;291;914;408;0;231;126;668;729;418;697;911;731;737;358;307;793;800;433;656;522;749;109;123;378;961;265;891;751;728;425;682;537;260;897;556;424;317;111;255;390;275;540;668;854;869;233;420;278;560;104;580;682;1074;310;834
49;114;872;527;891;795;710;556;384;226;704;704;574;789;454;765;263;733;812;529;615;189;504;759;677;207;524;647;833;865;461;715;265;759;350;698;717;696;100;68;712;528;213;621;1008;132;98;959;551;231;0;190;643;864;577;787;941;647;544;578;368;641;824;344;516;394;631;331;111;471;929;62;695;571;814;247;521;417;28;939;726;461;453;266;160;446;177;719;805;720;896;208;400;168;405;237;397;766;1074;183;673
50;88;791;337;739;609;732;561;201;132;522;639;388;726;491;575;182;718;623;452;676;263;384;594;617;65;593;458;658;711;271;590;83;708;338;525;602;548;240;165;610;457;221;432;894;107;207;820;364;126;190;0;550;682;387;622;811;606;627;402;208;671;697;307;532;398;624;230;97;299;844;193;780;636;651;318;563;413;212;802;536;319;266;229;140;292;312;528;621;729;767;298;299;310;440;213;469;604;965;195;714
51;553;241;564;362;536;421;308;591;677;450;128;637;200;386;661;723;310;612;118;505;499;178;343;127;609;494;508;453;351;481;139;487;208;324;373;108;229;590;671;73;125;770;623;370;648;562;370;458;668;643;550;0;536;502;359;330;179;548;715;371;413;221;307;335;324;288;751;625;360;294;590;636;501;362;477;409;301;640;348;581;261;454;777;484;304;817;609;509;383;286;829;251;810;385;763;472;331;432;463;466
52;750;653;400;277;90;956;823;548;742;160;653;418;691;863;259;762;844;153;584;1021;828;473;192;660;700;987;242;88;258;418;409;601;722;725;185;452;306;875;848;509;601;858;359;562;782;836;392;322;729;864;682;536;0;313;181;438;715;1041;495;503;941;413;680;837;765;820;740;779;396;663;844;1154;1007;192;845;909;752;880;392;212;451;418;824;732;441;990;247;61;919;428;960;559;990;839;829;921;207;632;755;995
53;466;710;94;469;229;867;704;235;431;165;629;146;699;700;204;449;791;235;482;883;584;348;306;623;395;825;72;317;440;115;441;313;709;536;216;477;339;607;550;520;497;546;121;714;479;568;580;46;418;577;387;502;313;0;327;599;653;874;232;255;830;514;487;700;591;731;428;481;170;744;568;1011;857;359;617;761;588;596;569;150;278;127;511;468;242;685;150;252;843;567;651;378;686;662;516;729;324;792;505;884
54;673;474;421;142;212;780;656;538;709;175;472;467;509;709;381;740;664;296;422;855;716;329;27;481;656;829;280;95;114;395;228;539;541;587;111;271;133;778;784;328;437;824;422;410;728;741;257;309;697;787;622;359;181;327;0;288;538;884;553;419;770;237;547;675;618;646;734;719;323;489;755;988;845;32;722;748;602;797;250;308;333;383;803;638;341;934;345;173;741;266;917;430;931;691;802;776;28;486;649;823
55;838;268;690;161;494;683;618;781;922;462;370;745;355;712;668;961;546;578;445;804;819;436;301;394;860;810;564;357;182;642;226;734;404;651;388;230;274;903;957;258;455;1030;705;124;917;871;62;572;911;941;811;330;438;599;288;0;463;863;831;605;700;117;627;654;655;575;970;901;539;253;895;927;809;261;803;725;632;943;49;596;492;622;1022;781;521;1108;633;453;636;45;1107;542;1103;715;1015;801;281;197;772;746
56;582;260;702;530;713;242;160;697;739;623;94;778;155;272;827;788;137;787;175;342;472;305;523;68;671;351;670;632;522;610;315;563;114;296;549;276;408;572;691;223;163;813;773;460;688;553;514;607;731;647;606;179;715;653;538;463;0;403;848;471;241;373;307;202;262;113;828;661;494;318;587;468;347;540;430;267;236;636;492;749;384;582;834;504;427;824;774;687;203;424;851;322;814;293;815;369;511;501;465;291
57;554;652;882;911;1012;259;244;803;738;912;497;954;542;178;1076;785;371;1070;462;100;371;569;862;470;685;55;919;970;897;785;686;638;491;338;857;657;751;443;610;611;447;756;974;861;652;454;912;830;737;544;627;548;1041;874;884;863;403;0;999;624;197;765;386;213;284;298;847;622;706;706;487;153;63;895;311;139;291;518;890;1008;609;762;803;487;636;683;1021;999;299;823;739;500;670;212;776;158;856;897;431;187
58;490;935;151;696;405;1041;869;202;368;381;839;86;915;837;265;359;983;363;673;1027;656;545;534;828;371;956;273;526;667;238;669;364;918;669;445;703;571;642;528;742;686;463;136;947;451;609;809;266;358;578;402;715;495;232;553;831;848;999;0;390;993;746;623;856;730;910;307;467;356;972;594;1146;994;585;704;906;735;604;800;284;464;265;408;529;421;628;251;441;1023;799;573;539;633;792;425;843;553;1024;580;1044
59;254;611;259;531;442;651;479;226;318;345;480;333;563;454;460;360;600;477;297;642;333;193;391;463;254;577;312;465;504;161;387;128;556;286;330;404;340;372;365;421;308;424;350;693;315;333;612;215;307;368;208;371;503;255;419;605;471;624;390;0;603;492;239;466;345;522;381;302;106;660;342;766;612;447;362;520;347;380;594;400;116;137;419;229;84;516;406;445;635;562;506;151;513;413;410;476;399;766;256;654
60;617;468;859;771;928;72;126;814;797;832;330;935;359;187;1022;847;176;996;361;109;452;490;752;308;735;163;862;862;762;762;552;656;307;335;766;516;637;546;701;464;345;841;943;682;723;543;753;784;793;641;671;413;941;830;770;700;241;197;993;603;0;614;375;140;273;127;901;694;661;519;579;227;133;775;393;121;262;621;732;947;552;735;878;539;589;803;966;907;103;663;848;457;791;237;854;258;742;711;486;54
61;722;240;600;165;449;606;521;678;811;396;286;661;295;607;612;851;475;533;332;714;702;319;239;306;747;711;489;325;166;543;109;621;337;536;315;115;175;786;840;153;342;916;627;205;802;754;149;481;800;824;697;221;413;514;237;117;373;765;746;492;614;0;511;553;543;487;863;785;434;252;777;841;715;220;687;626;521;826;127;536;377;521;911;664;409;991;571;411;562;72;992;424;986;606;903;693;220;281;654;663
62;275;528;498;614;639;430;257;439;438;538;359;572;444;215;690;488;412;690;189;403;191;218;521;332;372;338;535;620;593;401;406;282;417;48;495;397;426;283;385;380;186;506;589;678;381;257;657;443;433;344;307;307;680;487;547;627;307;386;623;239;375;511;0;235;107;317;535;354;320;585;287;526;373;566;179;282;112;338;635;624;231;376;530;196;252;522;635;632;424;582;544;121;513;174;510;245;520;739;161;423
63;482;461;724;698;815;200;47;674;660;716;294;799;353;75;896;710;227;878;253;185;327;371;654;265;597;158;737;763;684;626;473;516;306;195;656;444;542;425;572;399;237;709;810;661;589;418;700;654;656;516;532;335;837;700;675;654;202;213;856;466;140;553;235;0;134;125;762;560;530;519;454;317;170;684;272;73;122;499;678;823;424;600;744;402;458;684;840;798;204;613;724;323;673;114;720;171;647;703;351;188
64;350;511;605;667;731;334;165;544;526;630;336;679;414;109;792;576;338;786;212;296;211;292;594;306;463;234;635;698;649;507;447;384;376;62;579;428;489;312;446;397;201;580;695;687;458;297;692;546;522;394;398;324;765;591;618;655;262;284;730;345;273;543;107;134;0;236;628;429;422;570;333;420;266;633;168;175;25;380;670;723;325;482;611;270;352;568;737;719;334;610;602;215;558;74;589;158;590;740;221;319
65;584;354;769;643;811;138;79;743;755;718;204;845;244;200;915;805;103;882;250;229;444;383;629;181;689;250;756;739;635;673;426;595;193;289;648;389;514;544;683;336;234;815;847;564;692;533;627;684;749;631;624;288;820;731;646;575;113;298;910;522;127;487;317;125;236;0;852;664;565;408;569;354;239;650;393;172;216;615;606;838;454;646;844;504;494;803;860;789;113;537;839;371;792;238;823;296;618;598;457;178
66;292;992;340;869;653;962;791;197;109;591;853;345;938;719;555;68;945;637;665;901;475;574;709;832;165;816;497;742;839;338;763;266;925;568;625;784;696;421;266;803;672;161;405;1067;201;399;966;429;109;331;230;751;740;428;734;970;828;847;307;381;901;863;535;762;628;852;0;228;430;1042;371;1000;861;766;535;791;643;360;951;548;496;352;102;364;458;329;525;679;959;929;269;510;337;668;122;690;723;1142;419;943
67;79;864;423;834;705;759;594;275;120;619;705;466;791;508;662;163;763;716;520;683;251;468;691;680;96;595;553;755;806;366;677;181;768;374;623;686;642;192;69;690;523;152;515;979;30;170;912;459;123;111;97;625;779;481;719;901;661;622;467;302;694;785;354;560;429;664;228;0;396;918;142;775;641;748;312;579;448;139;893;628;409;362;185;159;386;214;618;719;763;856;206;374;212;457;160;468;700;1049;208;732
68;357;589;207;446;336;700;534;244;390;238;483;283;560;530;370;425;630;375;320;712;437;190;295;472;333;656;215;361;417;120;338;216;562;368;227;364;266;478;462;395;334;503;282;639;405;440;537;124;378;471;299;360;396;170;323;539;494;706;356;106;661;434;320;530;422;565;430;396;0;632;448;841;686;353;462;591;418;485;521;304;111;94;487;336;71;611;315;339;677;499;593;208;609;494;483;564;306;715;361;714
69;844;58;822;398;701;483;474;873;971;643;233;889;165;590;861;1017;346;785;400;628;770;467;490;263;903;659;730;576;409;750;303;780;215;590;561;269;410;867;962;239;400;1064;863;177;941;842;315;706;961;929;844;294;663;744;489;253;318;706;972;660;519;252;585;519;570;408;1042;918;632;0;873;737;645;472;737;579;544;923;301;783;546;726;1071;773;587;1105;817;663;434;243;1121;545;1097;610;1057;687;471;192;746;556
70;105;816;528;853;779;648;493;394;262;684;646;581;731;392;763;305;671;802;474;556;127;460;727;619;228;465;636;807;828;453;669;255;700;290;672;669;657;50;124;660;472;268;624;958;170;36;916;538;265;62;193;590;844;568;755;895;587;487;594;342;579;777;287;454;333;569;371;142;448;873;0;640;512;781;186;460;356;50;895;718;424;441;317;116;414;236;714;785;658;849;270;353;227;343;289;338;733;1022;126;612
71;708;689;1025;997;1133;254;331;953;891;1034;557;1098;582;311;1210;938;391;1196;569;133;524;689;968;535;839;190;1051;1078;987;927;776;788;530;479;974;741;854;595;762;690;553;908;1115;905;805;607;981;965;891;695;780;636;1154;1011;988;927;468;153;1146;766;227;841;526;317;420;354;1000;775;841;737;640;0;154;995;465;250;422;669;960;1139;738;903;956;640;770;828;1154;1116;303;891;887;633;815;353;929;310;960;929;584;182
72;569;592;871;864;983;196;193;803;753;883;440;945;482;157;1056;801;308;1044;423;45;389;538;824;415;697;47;898;933;852;774;640;639;430;326;825;609;711;471;636;561;407;780;961;803;671;477;859;811;751;571;636;501;1007;857;845;809;347;63;994;612;133;715;373;170;266;239;861;641;686;645;512;154;0;854;328;98;268;547;838;985;585;749;824;497;616;719;1000;967;236;770;771;479;706;201;798;174;817;836;441;126
73;701;460;453;111;234;782;664;570;741;206;470;499;502;721;407;772;663;318;433;863;738;347;57;481;686;840;312;104;83;428;226;568;536;604;143;268;144;802;813;325;448;855;453;384;758;766;227;342;728;814;651;362;192;359;32;261;540;895;585;447;775;220;566;684;633;650;766;748;353;472;781;995;854;0;742;758;616;823;221;336;358;415;835;664;367;963;373;193;742;242;947;451;960;706;833;791;48;459;673;828
74;243;678;604;794;796;463;315;504;426;695;503;671;582;207;822;474;496;838;358;371;61;396;695;474;374;282;674;791;772;513;584;340;545;152;661;572;604;153;309;550;351;453;701;846;342;150;834;577;425;247;318;477;845;617;722;803;430;311;704;362;393;687;179;272;168;393;535;312;462;737;186;465;328;742;0;273;194;228;813;763;395;493;496;178;405;412;768;793;475;757;455;292;401;159;470;155;696;903;124;425
75;503;522;779;771;885;192;107;719;685;785;361;854;413;72;960;735;262;946;326;121;333;440;727;333;626;85;801;835;758;682;547;557;364;237;726;517;615;425;582;472;310;724;868;727;609;424;772;716;682;521;563;409;909;761;748;725;267;139;906;520;121;626;282;73;175;172;791;579;591;579;460;250;98;758;273;0;173;501;750;888;488;656;764;427;520;682;904;869;214;684;728;383;670;122;739;138;720;766;372;153
76;368;485;606;647;721;319;148;552;542;620;310;681;388;113;788;592;316;779;191;295;236;279;579;280;478;239;630;684;630;508;426;394;351;75;567;406;472;337;468;373;179;599;694;662;476;321;670;543;537;417;413;301;752;588;602;632;236;291;735;347;262;521;112;122;25;216;643;448;418;544;356;422;268;616;194;173;0;404;648;718;318;483;629;288;348;592;732;708;316;587;624;210;582;89;607;175;574;715;241;310
77;130;866;549;898;812;691;539;408;255;720;696;598;781;435;787;292;718;832;524;592;171;507;769;669;233;500;665;846;872;480;717;283;750;340;711;717;703;76;96;710;523;240;644;1007;161;83;963;569;260;28;212;640;880;596;797;943;636;518;604;380;621;826;338;499;380;615;360;139;485;923;50;669;547;823;228;501;404;0;943;746;468;471;294;162;456;187;739;821;703;898;227;401;177;386;265;374;775;1072;177;652
78;834;313;661;116;451;719;645;759;909;425;402;713;394;734;628;946;584;534;459;834;825;435;266;424;848;836;530;313;139;619;229;723;441;662;354;242;256;906;952;279;469;1018;671;169;909;873;22;545;897;939;802;348;392;569;250;49;492;890;800;594;732;127;635;678;670;606;951;893;521;301;895;960;838;221;813;750;648;943;0;557;483;601;1008;780;510;1103;595;410;672;69;1099;543;1098;733;1001;820;246;240;775;780
79;616;759;211;444;122;977;821;368;568;140;710;210;769;831;79;580;886;89;588;1008;732;456;298;708;539;957;89;255;418;265;489;463;788;671;222;531;377;757;696;582;604;681;150;719;624;719;562;185;556;726;536;581;212;150;308;596;749;1008;284;400;947;536;624;823;723;838;548;628;304;783;718;1139;985;336;763;888;718;746;557;0;400;277;640;618;371;828;37;161;947;573;789;508;830;796;649;868;318;794;654;1001
80;351;499;318;430;408;589;426;329;435;306;378;394;458;431;472;477;520;461;209;608;383;83;306;365;370;557;312;396;404;226;271;244;457;277;266;288;235;444;468;307;222;538;393;577;425;408;502;231;424;461;319;261;451;278;333;492;384;609;464;116;552;377;231;424;325;454;496;409;111;546;424;738;585;358;395;488;318;468;483;400;0;199;535;307;44;620;416;400;566;448;615;110;616;399;525;475;310;650;315;606
81;340;683;123;516;343;779;609;158;329;258;576;199;654;591;329;357;717;361;407;778;458;281;357;563;283;714;194;402;487;27;429;187;655;424;276;457;349;480;431;489;420;445;212;726;364;441;615;98;317;453;266;454;418;127;383;622;582;762;265;137;735;521;376;600;482;646;352;362;94;726;441;903;749;415;493;656;483;471;601;277;199;0;420;341;155;572;276;357;759;584;544;278;572;550;420;613;371;803;379;787
82;262;1019;429;933;740;943;777;276;100;671;869;442;956;693;652;63;942;729;681;867;435;607;777;846;168;778;583;820;903;411;807;292;937;555;697;823;751;364;197;835;686;63;501;1112;155;349;1024;506;111;266;229;777;824;511;803;1022;834;803;408;419;878;911;530;744;611;844;102;185;487;1071;317;956;824;835;496;764;629;294;1008;640;535;420;0;341;501;230;619;763;946;980;167;528;239;642;28;651;790;1186;392;917
83;80;717;441;736;671;602;435;327;258;574;552;502;639;355;669;308;603;700;372;537;126;345;611;526;200;453;533;692;711;357;555;168;613;214;558;557;541;142;189;552;373;311;538;848;188;104;800;435;255;160;140;484;732;468;638;781;504;487;529;229;539;664;196;402;270;504;364;159;336;773;116;640;497;664;178;427;288;162;780;618;307;341;341;0;298;333;618;675;604;736;349;240;326;304;318;329;616;915;55;579
84;334;541;275;448;391;629;462;287;401;290;422;352;502;460;440;442;562;438;251;641;387;127;313;409;338;586;282;395;421;183;306;213;501;300;261;325;256;439;447;348;265;508;354;611;399;401;527;196;390;446;292;304;441;242;341;521;427;636;421;84;589;409;252;458;352;494;458;386;71;587;414;770;616;367;405;520;348;456;510;371;44;155;501;298;0;599;384;388;607;478;590;137;595;425;493;498;319;685;314;642
85;269;1048;618;1048;913;874;726;462;263;830;881;647;966;618;853;269;906;917;705;764;358;672;906;854;290;672;758;969;1020;573;882;395;936;527;838;888;854;258;151;885;704;168;703;1180;208;270;1122;668;275;177;312;817;990;685;934;1108;824;683;628;516;803;991;522;684;568;803;329;214;611;1105;236;828;719;963;412;682;592;187;1103;828;620;572;230;333;599;0;814;929;888;1063;73;571;13;571;207;549;915;1248;360;830
86;610;791;196;482;159;998;840;352;552;175;737;183;798;845;55;561;911;112;609;1024;735;477;334;735;526;970;104;293;455;261;521;458;816;683;256;562;409;754;686;612;625;663;121;756;612;717;600;192;540;719;528;609;247;150;345;633;774;1021;251;406;966;571;635;840;737;860;525;618;315;817;714;1154;1000;373;768;904;732;739;595;37;416;276;619;618;384;814;0;199;970;609;772;521;816;809;630;878;354;831;656;1020
87;691;647;340;294;42;926;787;486;680;101;631;361;676;820;221;701;819;125;547;983;774;429;175;636;639;945;182;98;271;357;391;541;704;677;142;435;282;817;787;491;564;796;304;577;721;779;412;260;668;805;621;509;61;252;173;453;687;999;441;445;907;411;632;798;719;789;679;719;339;663;785;1116;967;193;793;869;708;821;410;161;400;357;763;675;388;929;199;0;891;436;899;510;929;794;768;874;193;649;699;962
88;684;387;882;724;916;49;168;854;859;824;276;958;283;269;1025;909;90;989;361;206;531;495;726;261;794;266;866;836;719;787;516;704;232;392;752;476;612;629;777;420;346;913;960;604;792;622;693;796;854;720;729;383;919;843;741;636;203;299;1023;635;103;562;424;204;334;113;959;763;677;434;658;303;236;742;475;214;316;703;672;947;566;759;946;604;607;888;970;891;0;603;929;484;876;316;923;352;714;626;554;123
89;793;248;655;155;476;650;578;741;880;436;333;713;326;670;647;919;515;561;400;766;773;391;275;356;817;770;535;343;169;604;181;691;372;605;359;185;235;857;912;215;410;986;675;147;873;826;89;537;869;896;767;286;428;567;266;45;424;823;799;562;663;72;582;613;610;537;929;856;499;243;849;891;770;242;757;684;587;898;69;573;448;584;980;736;478;1063;609;436;603;0;1063;496;1058;671;972;758;255;224;726;711
90;276;1065;577;1037;880;918;764;421;220;803;902;600;988;662;809;215;941;878;720;816;397;674;889;876;262;724;724;946;1008;542;884;379;961;555;816;892;846;302;159;895;722;110;658;1186;190;306;1117;638;233;208;298;829;960;651;917;1107;851;739;573;506;848;992;544;724;602;839;269;206;593;1121;270;887;771;947;455;728;624;227;1099;789;615;544;167;349;590;73;772;899;929;1063;0;579;84;613;147;599;900;1255;385;878
91;303;491;402;508;518;501;331;375;429;417;342;478;428;323;577;477;450;571;154;504;289;108;403;322;360;449;419;500;485;305;315;244;414;167;373;317;315;364;422;316;162;518;487;609;396;330;563;332;420;400;299;251;559;378;430;542;322;500;539;151;457;424;121;323;215;371;510;374;208;545;353;633;479;451;292;383;210;401;543;508;110;278;528;240;137;571;521;510;484;496;579;0;564;289;513;365;404;677;232;509
92;264;1040;620;1044;913;862;715;465;267;830;872;651;957;607;856;275;895;919;697;752;347;666;903;845;291;659;759;968;1016;573;877;393;927;517;836;882;850;247;147;879;696;176;706;1174;208;261;1117;669;278;168;310;810;990;686;931;1103;814;670;633;513;791;986;513;673;558;792;337;212;609;1097;227;815;706;960;401;670;582;177;1098;830;616;572;239;326;595;13;816;929;876;1058;84;564;0;560;214;537;912;1241;351;818
93;381;551;672;736;805;305;158;601;563;704;378;744;448;51;864;612;340;860;279;237;216;366;667;348;503;164;708;772;719;574;513;438;405;126;654;492;561;312;464;456;266;604;763;739;487;307;755;618;560;405;440;385;839;662;691;715;293;212;792;413;237;606;174;114;74;238;668;457;494;610;343;353;201;706;159;122;89;386;733;796;399;550;642;304;425;571;809;794;316;671;613;289;560;0;617;87;663;788;250;275
94;238;1005;437;929;746;920;754;282;92;674;852;455;939;668;664;69;921;738;665;841;409;595;775;829;156;752;589;822;900;413;797;281;919;533;697;812;745;336;169;823;669;38;513;1103;130;322;1018;509;104;237;213;763;829;516;802;1015;815;776;425;410;854;903;510;720;589;823;122;160;483;1057;289;929;798;833;470;739;607;265;1001;649;525;420;28;318;493;207;630;768;923;972;147;513;214;617;0;624;787;1175;369;892
95;398;629;731;823;884;330;218;646;581;782;457;802;523;97;934;629;394;936;366;218;216;449;752;427;528;127;779;856;806;635;600;481;477;198;735;579;647;298;462;543;353;606;825;821;497;303;842;686;580;397;469;472;921;729;776;801;369;158;843;476;258;693;245;171;158;296;690;468;564;687;338;310;174;791;155;138;175;374;820;868;475;613;651;329;498;549;878;874;352;758;599;365;537;87;624;0;748;868;273;280
