PARÂMETROS
200;8;20;30
COORDENADAS
0;395;507
1;426;404
2;165;465
3;312;24
4;892;123
5;715;88
6;204;612
7;170;241
8;896;108
9;731;208
10;423;859
11;533;72
12;177;953
13;640;862
14;687;831
15;727;821
16;808;316
17;389;814
18;925;486
19;482;623
20;110;378
21;230;194
22;72;769
23;375;49
24;849;725
25;336;905
26;720;508
27;579;673
28;641;406
29;431;740
30;150;880
31;997;397
32;564;299
33;484;372
34;530;851
35;280;54
36;308;558
37;131;535
38;82;423
39;703;247
40;337;732
41;350;753
42;847;953
43;95;702
44;386;521
45;926;869
46;804;751
47;47;242
48;142;423
49;29;965
50;60;203
51;955;445
52;689;971
53;263;431
54;802;383
55;188;895
56;477;986
57;721;670
58;557;657
59;403;301
60;737;771
61;72;299
62;625;905
63;23;665
64;950;126
65;1000;118
66;646;729
67;347;490
68;178;13
69;311;504
70;527;155
71;450;530
72;276;478
73;507;679
74;333;972
75;984;18
76;460;72
77;223;594
78;400;719
79;123;403
80;339;787
81;884;25
82;2;355
83;30;394
84;14;23
85;335;58
86;173;383
87;685;370
88;464;495
89;621;756
90;471;88
91;727;558
92;357;55
93;22;937
94;470;960
95;214;617
96;675;555
97;927;563
98;189;191
99;814;7
100;303;760
101;903;37
102;997;723
103;284;250
104;60;466
105;904;243
106;990;729
107;959;345
108;971;123
109;289;669
110;627;951
111;242;758
112;931;699
113;640;437
114;350;768
115;203;245
116;401;987
117;567;763
118;597;169
119;647;343
120;258;306
121;515;501
122;30;548
123;208;719
124;36;495
125;493;790
126;221;341
127;475;818
128;476;871
129;3;41
130;345;128
131;122;903
132;796;825
133;341;439
134;388;952
135;11;625
136;78;948
137;151;403
138;575;221
139;802;949
140;487;777
141;461;346
142;35;178
143;484;708
144;950;906
145;85;621
146;478;303
147;940;214
148;736;646
149;837;538
150;178;161
151;821;930
152;776;343
153;714;273
154;773;521
155;909;494
156;544;57
157;201;290
158;173;741
159;942;822
160;32;18
161;2;666
162;222;485
163;951;953
164;478;645
165;46;220
166;41;743
167;128;431
168;291;862
169;961;674
170;51;331
171;210;690
172;231;209
173;444;816
174;204;849
175;47;575
176;26;180
177;747;173
178;648;252
179;173;930
180;276;345
181;699;197
182;765;243
183;787;965
184;437;606
185;467;485
186;842;219
187;206;201
188;293;273
189;352;980
190;702;695
191;789;730
192;501;966
193;638;227
194;804;313
195;35;652
196;297;426
197;84;61
198;986;502
199;403;545
DISTÂNCIAS
DE/PARA;0;1;2;3;4;5;6;7;8;9;10;11;12;13;14;15;16;17;18;19;20;21;22;23;24;25;26;27;28;29;30;31;32;33;34;35;36;37;38;39;40;41;42;43;44;45;46;47;48;49;50;51;52;53;54;55;56;57;58;59;60;61;62;63;64;65;66;67;68;69;70;71;72;73;74;75;76;77;78;79;80;81;82;83;84;85;86;87;88;89;90;91;92;93;94;95;96;97;98;99;100;101;102;103;104;105;106;107;108;109;110;111;112;113;114;115;116;117;118;119;120;121;122;123;124;125;126;127;128;129;130;131;132;133;134;135;136;137;138;139;140;141;142;143;144;145;146;147;148;149;150;151;152;153;154;155;156;157;158;159;160;161;162;163;164;165;166;167;168;169;170;171;172;173;174;175;176;177;178;179;180;181;182;183;184;185;186;187;188;189;190;191;192;193;194;195;196;197;198;199
0;0;107;233;490;628;527;217;348;640;449;353;456;496;431;436;456;455;307;530;145;312;353;415;458;503;402;325;247;265;235;446;611;268;161;369;467;100;265;324;403;232;250;634;357;16;642;476;437;266;586;452;563;549;152;425;439;485;364;220;206;432;384;459;404;673;719;335;50;539;84;375;59;122;205;469;765;439;192;212;291;285;686;421;382;615;452;254;320;70;336;425;335;453;569;459;211;284;534;377;652;269;692;639;279;337;573;635;586;692;193;500;293;569;254;264;324;480;308;393;300;243;120;367;282;359;299;240;321;372;608;382;480;511;86;445;401;543;265;337;600;285;174;487;219;683;330;220;618;368;443;408;600;414;395;378;514;474;291;322;631;609;423;174;712;161;451;425;277;369;590;386;260;340;312;391;354;493;485;359;477;201;434;454;602;107;75;531;359;255;474;359;452;471;370;452;388;127;543;591;38
1;107;0;268;396;544;428;304;303;555;362;455;348;602;505;500;514;392;411;505;226;317;287;508;358;531;509;311;309;215;336;550;571;173;66;458;379;194;322;344;318;339;357;691;445;123;682;513;412;284;687;417;530;625;165;376;545;584;397;284;105;481;369;539;480;593;641;392;116;463;152;268;128;167;286;575;678;333;278;316;303;392;594;426;396;561;357;253;261;98;402;319;338;355;668;557;300;291;525;318;555;376;601;654;209;371;504;650;536;613;298;582;398;584;216;371;273;583;385;290;229;194;131;421;383;400;391;214;416;469;557;287;584;560;91;549;470;645;275;235;662;377;67;451;309;725;404;113;547;393;432;347;657;355;316;366;491;366;252;421;664;551;498;219;759;246;422;512;299;477;599;382;358;275;412;497;415;458;395;269;583;161;342;375;667;202;90;455;299;186;580;401;487;566;276;388;463;130;484;568;142
2;233;268;0;464;803;666;152;224;813;621;470;538;488;619;637;665;660;414;760;354;102;278;317;466;731;472;556;463;479;382;415;834;432;332;531;426;170;77;93;580;317;342;838;247;227;861;700;252;47;518;282;790;728;103;642;430;607;592;436;289;648;190;636;245;855;904;548;183;452;151;476;292;111;403;534;933;491;141;346;74;366;842;196;152;467;441;82;528;300;540;485;569;452;493;581;159;517;768;275;794;325;853;871;245;105;771;866;803;875;238;670;302;800;475;355;223;572;500;523;497;184;351;158;257;132;461;136;469;511;453;382;440;726;177;535;222;490;63;477;800;448;319;315;401;900;175;352;814;599;675;304;804;623;581;610;744;556;178;276;855;466;258;60;925;361;272;304;50;416;822;175;229;264;448;385;161;317;651;527;465;163;597;639;798;306;302;720;267;230;547;584;677;603;529;656;227;137;412;821;251
3;490;396;464;0;588;408;597;259;590;457;842;226;938;899;889;898;575;793;767;622;407;188;782;67;883;881;633;701;504;725;871;779;373;388;855;43;534;542;460;450;708;729;1072;711;502;1044;877;343;433;982;309;768;1019;409;607;879;976;764;678;291;859;365;934;703;646;694;780;467;134;480;251;524;455;683;948;672;155;576;700;423;763;572;453;465;298;41;384;508;494;794;171;676;54;957;949;601;643;817;207;502;736;591;978;227;508;631;978;722;666;645;979;737;915;527;744;246;967;781;319;462;287;518;595;702;545;787;329;810;862;309;109;899;935;416;931;672;953;411;328;1046;773;354;316;705;1088;638;324;656;752;734;191;1039;563;472;677;759;234;288;730;1016;280;712;469;1127;642;330;768;446;838;918;402;673;201;802;832;611;325;459;406;916;323;423;503;1054;595;486;564;206;249;956;776;852;960;384;570;686;402;230;826;528
4;628;544;803;588;0;180;844;731;15;182;872;362;1095;780;737;717;210;854;364;646;822;665;1043;522;603;959;421;632;378;770;1060;293;372;477;813;615;728;865;863;226;823;831;831;985;643;746;634;853;807;1205;835;328;871;700;275;1044;957;573;630;520;666;838;826;1024;58;108;654;657;722;694;366;600;710;676;1016;139;435;818;772;818;864;98;919;903;883;560;764;322;567;688;422;465;539;1191;937;838;483;441;706;139;867;86;609;621;899;120;613;231;79;813;869;908;577;402;842;699;993;717;298;329;659;533;961;907;933;777;705;810;855;892;547;1096;708;635;970;1013;1158;792;331;830;769;485;858;713;785;948;451;102;545;418;715;810;248;232;415;371;354;710;948;700;866;1042;761;832;666;851;1052;823;952;555;866;886;666;825;1000;958;867;153;276;1080;654;206;174;848;663;558;108;690;617;1012;602;615;929;274;209;1007;667;810;390;645
5;527;428;666;408;180;0;731;566;182;121;824;182;1018;777;743;733;246;795;450;583;670;496;936;342;650;900;420;600;326;711;972;418;259;366;785;436;621;735;716;159;746;758;875;872;543;809;668;685;663;1113;665;430;883;567;307;963;929;582;590;377;683;676;821;900;238;286;644;545;542;579;199;515;587;626;963;277;255;705;705;670;793;180;761;750;704;381;617;283;478;674;244;470;359;1095;905;728;468;520;535;127;788;194;694;460;756;244;697;354;258;720;867;820;648;356;771;535;952;691;143;263;506;458;825;809;791;736;555;768;818;713;372;1007;741;512;923;885;1070;646;193;865;725;362;685;661;851;825;319;257;558;466;541;848;262;185;436;449;173;552;848;768;686;917;632;896;605;681;939;679;882;635;707;785;498;776;916;826;695;90;177;1001;508;110;162;879;587;468;182;521;460;963;607;646;903;158;241;883;537;631;494;553
6;217;304;152;597;844;731;0;372;856;664;330;632;342;502;530;563;672;273;731;278;252;418;205;588;654;321;526;379;483;260;273;821;477;368;404;563;117;106;224;618;179;202;727;141;203;766;615;401;198;393;433;769;603;190;640;283;463;520;355;369;556;339;512;188;890;936;457;187;599;152;559;259;152;310;382;980;597;26;223;224;221;898;326;278;618;569;231;538;285;441;588;525;577;372;438;11;474;724;421;859;178;905;800;370;205;791;794;800;909;102;542;150;732;469;213;367;423;393;592;518;310;330;185;107;204;339;271;340;375;605;504;302;629;220;386;193;358;215;539;686;327;369;465;296;801;119;412;836;533;637;451;694;632;612;576;714;650;322;132;767;618;209;128;821;275;422;209;196;264;759;319;78;403;314;237;161;467;698;571;319;276;645;671;681;233;292;749;411;350;396;504;596;462;580;670;173;207;563;789;209
7;348;303;224;259;731;566;372;0;738;561;667;400;712;778;784;804;642;613;793;493;149;76;537;280;833;684;611;594;499;563;639;841;398;340;708;216;345;296;202;533;518;542;982;467;353;982;813;123;184;737;116;811;895;211;647;654;805;698;568;240;776;113;804;448;788;839;681;305;228;298;367;402;259;552;748;843;335;356;530;168;571;745;203;207;268;246;142;530;388;684;337;640;263;711;779;378;594;822;53;685;535;760;957;114;250;734;954;795;809;444;844;521;888;509;556;33;780;655;433;487;109;432;337;479;287;636;112;652;700;260;208;663;856;261;743;415;712;163;405;949;622;309;148;562;1025;389;314;770;695;730;80;947;614;544;664;781;416;57;500;966;262;457;249;1056;508;125;518;194;632;901;149;450;68;636;608;355;156;580;478;689;148;530;595;951;452;384;672;53;127;761;699;788;796;468;638;432;224;199;856;383
8;640;555;813;590;15;182;856;738;0;192;887;364;1109;796;752;732;225;869;379;660;831;671;1056;524;618;974;437;647;392;784;1073;306;383;489;828;618;740;876;872;237;837;845;846;997;656;761;649;859;817;1219;841;342;887;710;290;1058;972;588;645;529;681;845;841;1035;56;104;669;668;724;706;371;614;722;690;1031;125;437;830;786;827;878;83;927;912;886;563;773;336;579;703;425;480;541;1204;952;851;498;456;711;130;881;71;623;628;909;135;628;245;76;826;884;922;592;416;856;706;1008;732;305;342;668;547;971;920;943;792;714;825;870;895;551;1109;723;646;985;1024;1172;801;340;846;784;495;863;727;799;959;461;114;561;434;719;825;263;245;430;386;355;718;960;715;868;1053;772;846;680;857;1065;833;966;569;873;899;672;839;1013;968;872;162;286;1094;663;216;188;863;677;571;123;696;625;1027;618;631;944;284;224;1018;678;813;404;658
9;449;362;621;457;182;121;664;561;192;0;720;240;928;660;624;613;132;695;338;483;643;501;865;389;530;801;300;489;217;610;888;326;190;296;673;476;549;683;683;48;655;664;753;805;465;689;547;684;627;1032;671;326;764;518;188;875;818;462;481;340;563;665;705;842;233;283;527;476;586;513;210;427;529;521;861;316;303;638;608;638;699;238;743;725;740;423;584;168;391;558;286;350;404;1016;796;659;351;405;542;217;698;242;579;448;718;176;581;265;254;638;750;735;530;246;677;529;846;578;139;159;483;364;779;731;751;628;527;661;710;746;394;924;620;453;819;832;986;611;156;744;619;303;696;557;731;766;270;209;438;346;554;727;142;67;315;336;240;536;771;649;724;860;579;776;504;685;873;642;788;519;691;709;500;672;829;776;705;38;93;912;475;33;48;759;494;382;111;525;442;860;487;525;792;94;127;825;485;663;389;470
10;353;455;470;842;872;824;330;667;887;720;0;794;263;217;265;306;665;56;625;243;573;692;362;811;446;98;459;242;502;119;273;736;577;490;107;817;322;436;553;673;153;128;434;363;340;503;396;722;518;408;749;674;288;456;608;237;138;352;242;558;326;660;207;444;902;939;258;376;880;372;711;330;408;198;144;1010;787;332;141;545;110;952;656;608;930;805;537;554;366;223;772;427;806;408;111;319;394;584;707;937;155;951;589;624;534;781;581;742;917;232;223;207;532;474;116;652;129;173;711;562;577;369;501;256;531;98;555;66;54;919;735;304;374;427;99;473;356;530;655;389;104;514;783;162;529;413;558;826;378;523;739;404;625;654;486;607;811;610;276;520;927;463;424;536;220;741;399;519;132;568;645;271;677;47;219;471;786;758;647;259;534;717;704;379;253;376;764;692;600;140;323;388;132;667;665;439;450;867;666;314
11;456;348;538;226;362;182;632;400;364;240;794;0;950;797;774;773;367;755;570;553;522;326;835;159;725;855;474;602;351;675;894;566;229;303;779;253;535;613;571;243;688;705;935;767;472;888;731;514;525;1025;490;563;912;449;411;892;915;626;585;263;728;513;838;782;420;469;666;457;359;485;83;465;480;607;921;454;73;607;660;526;740;354;601;597;521;198;475;334;428;689;64;523;176;1004;890;631;503;629;364;288;725;371;799;306;615;408;800;505;440;644;884;745;742;380;719;372;924;691;116;294;361;429;692;724;652;719;411;748;801;530;196;927;797;414;891;760;987;505;154;917;706;283;509;637;932;708;237;431;608;556;365;905;363;270;509;565;18;397;759;854;503;796;517;975;575;508;832;541;826;738;547;697;331;749;843;699;518;236;213;930;374;207;288;928;542;418;342;351;313;925;645;706;894;187;362;764;425;449;624;490
12;496;602;488;938;1095;1018;342;712;1109;928;263;950;0;471;524;565;896;253;881;449;578;760;211;925;709;166;702;489;717;331;77;990;759;657;367;904;416;420;538;880;272;264;670;264;479;753;658;722;531;148;759;929;512;529;845;59;301;613;481;690;588;662;450;326;1132;1172;519;493;940;468;871;503;485;428;157;1235;925;361;323;552;231;1166;623;578;944;908;570;773;540;485;913;677;915;155;293;338;637;845;762;1140;230;1168;851;711;500;1016;843;990;1148;305;450;205;795;693;253;708;226;433;889;770;652;564;430;236;479;355;613;327;310;928;841;74;632;539;211;367;99;550;833;625;356;670;787;392;774;344;716;1062;637;779;792;644;854;866;736;864;968;663;212;776;946;336;470;774;430;744;250;524;145;832;634;265;745;300;107;399;787;966;844;23;616;918;921;610;433;550;990;752;689;177;584;651;324;859;895;332;540;896;926;466
13;431;505;619;899;780;777;502;778;796;660;217;797;471;0;56;96;571;255;471;286;717;783;575;855;249;307;362;198;456;242;490;586;568;514;110;884;450;604;709;618;329;309;226;568;425;286;198;857;663;619;877;522;119;572;505;453;204;208;221;609;133;799;45;647;798;826;133;473;966;486;715;382;529;226;326;911;810;495;279;691;310;871;814;768;1046;859;668;494;407;107;792;316;855;622;196;491;308;414;808;872;352;865;383;708;702;672;374;607;809;400;89;411;333;425;304;756;269;123;694;519;674;382;686;455;706;163;668;170;164;1039;791;519;160;518;267;672;568;670;644;183;175;546;913;219;313;605;582;714;236;379;839;193;536;593;366;455;810;721;482;304;1040;667;562;324;270;874;610;669;349;372;793;463;770;201;436;658;917;697;610;471;632;667;631;179;326;414;673;790;683;311;178;199;173;635;572;640;554;975;499;395
14;436;500;637;889;737;743;530;784;752;624;265;774;524;56;0;41;529;298;419;292;733;783;618;841;193;358;324;191;427;271;539;533;546;501;158;877;467;629;729;584;363;345;201;605;432;242;141;869;680;671;887;469;140;582;462;503;261;164;217;601;78;813;96;684;752;778;109;481;963;498;694;383;541;235;381;865;792;521;308;708;350;829;834;789;1051;849;681;461;403;99;773;275;843;673;252;519;276;359;810;833;390;822;328;707;725;626;319;556;762;429;134;450;277;396;342;760;325;137;668;489;677;372;715;491;732;198;676;212;214;1044;781;569;109;522;322;706;620;685;620;164;207;535;922;237;273;637;567;666;191;329;841;166;496;558;321;403;787;727;521;255;1044;704;579;290;279;885;651;687;397;315;809;497;771;243;483;689;927;660;580;523;636;634;593;167;336;410;631;792;683;366;136;143;229;605;531;676;562;978;444;403
15;456;514;665;898;717;733;563;804;732;613;306;773;565;96;41;0;511;338;389;315;759;800;657;848;155;399;313;209;423;306;580;502;546;510;199;887;494;661;757;574;400;383;178;643;454;204;104;893;707;712;909;439;154;606;444;544;299;151;236;612;50;837;132;721;729;754;122;503;976;523;695;401;566;261;421;843;795;552;342;734;389;811;861;817;1070;857;706;452;418;124;776;263;850;714;292;552;271;326;828;818;428;803;287;722;755;604;278;529;739;463;164;489;237;393;380;778;365;170;664;484;696;383;748;528;764;236;697;252;255;1064;791;610;69;543;363;742;661;711;618;148;244;544;944;267;238;672;574;643;175;303;858;143;480;548;303;374;785;747;559;215;1061;741;606;260;304;908;690;714;437;276;834;533;787;283;523;723;949;648;574;564;655;624;579;156;361;424;612;809;699;407;128;110;268;600;513;712;583;995;410;425
16;455;392;660;575;210;246;672;642;225;132;665;367;896;571;529;511;0;650;206;447;700;590;864;508;411;754;211;424;189;567;866;205;244;328;602;589;555;711;733;125;628;633;638;810;469;565;435;764;674;1013;756;195;665;557;67;848;747;364;423;405;460;736;616;859;237;275;443;492;699;531;323;417;556;471;809;346;425;647;573;690;664;300;806;781;846;538;638;134;387;478;406;255;521;1001;727;665;273;274;631;309;672;294;448;528;762;120;451;153;252;627;660;718;402;207;643;609;784;507;257;163;550;346;811;722;792;569;587;602;646;850;499;902;509;482;762;854;965;662;251;633;561;348;785;508;606;784;330;166;337;223;648;614;41;103;207;204;369;607;764;523;831;878;609;652;465;768;877;689;751;389;757;705;586;618;805;803;793;155;172;883;532;161;84;649;470;380;102;612;516;805;393;414;718;191;5;842;522;767;257;465
17;307;411;414;793;854;795;273;613;869;695;56;755;253;255;298;338;650;0;628;212;517;640;320;765;468;105;450;236;479;85;247;737;543;452;145;767;268;380;497;648;97;72;478;314;293;539;419;666;462;390;693;675;338;403;596;216;193;361;229;513;350;604;252;395;887;926;270;326;828;319;673;290;354;179;167;993;745;275;95;489;56;931;600;552;875;757;482;533;327;239;730;424;759;387;166;263;385;593;654;912;101;931;614;573;478;768;606;738;903;176;274;157;554;452;60;598;173;185;677;537;524;337;446;204;475;106;501;86;104;864;687;281;407;378;138;422;338;474;621;434;104;473;727;142;568;360;518;814;385;526;686;447;609;631;483;610;772;556;228;553;872;414;368;578;191;685;355;463;109;588;589;217;625;55;188;417;730;734;618;245;482;690;683;425;213;338;747;639;549;170;334;408;188;637;650;389;398;812;673;269
18;530;505;760;767;364;450;731;793;379;338;625;570;881;471;419;389;206;628;0;463;822;753;898;702;250;722;206;393;295;555;869;114;406;455;537;776;621;795;845;326;637;633;473;857;540;383;291;911;785;1016;910;50;539;664;160;842;671;274;405;553;341;873;515;919;360;375;369;578;884;614;517;477;649;460;765;471;622;710;574;806;658;462;932;899;1021;728;759;266;461;406;603;210;713;1009;657;722;259;77;792;491;679;449;247;683;865;243;251;145;365;661;552;735;213;289;640;761;724;452;456;312;690;410;897;753;889;528;718;559;591;1023;681;904;362;585;711;924;964;778;439;479;525;484;941;493;420;850;483;272;247;102;814;456;206;299;155;17;573;750;794;336;1008;940;703;467;474;918;920;798;737;191;887;743;747;583;807;882;949;360;362;873;664;366;290;498;502;458;279;773;666;756;305;279;640;386;211;905;630;942;63;525
19;145;226;354;622;646;583;278;493;660;483;243;553;449;286;292;315;447;212;463;0;445;497;435;583;380;317;264;109;269;127;419;562;334;251;232;603;185;361;447;436;181;185;492;394;140;507;346;578;394;567;595;505;404;291;400;400;363;243;82;331;294;522;316;460;682;723;195;189;681;208;470;98;251;61;379;786;551;260;126;421;217;720;549;506;760;583;391;324;129;192;535;253;581;556;337;268;204;449;521;699;225;721;524;422;450;567;518;552;699;198;358;275;455;244;196;469;372;163;468;325;388;126;458;290;464;167;384;195;248;753;513;456;373;231;342;471;518;397;412;456;154;277;630;85;546;397;320;614;255;365;553;457;406;419;308;446;569;435;330;501;754;481;294;573;22;593;457;402;305;481;520;280;484;196;358;437;635;522;406;435;346;478;473;458;48;138;541;504;397;379;231;325;343;425;446;447;270;688;518;111
20;312;317;102;407;822;670;252;149;831;643;573;522;578;717;733;759;700;517;822;445;0;219;392;422;816;573;623;554;531;483;503;887;460;374;632;365;267;158;53;607;420;445;934;324;310;952;787;149;55;592;182;847;828;161;692;522;710;677;526;302;739;87;736;299;876;927;640;262;371;237;472;372;193;498;634;945;464;243;447;28;468;850;110;81;367;391;63;575;372;635;463;642;406;565;684;260;592;837;203;795;427;863;951;216;101;805;947;849;897;341;771;402;881;533;457;162;674;597;529;538;164;423;187;354;138;562;117;571;614;353;343;525;818;238;637;266;570;48;490;897;548;352;213;498;992;244;375;846;680;744;227;900;666;613;678;807;539;126;368;943;368;307;154;1018;454;170;371;55;516;901;75;327;207;550;480;206;215;669;552;555;169;616;668;896;398;372;749;201;210;648;671;764;706;549;697;284;193;318;884;337
21;353;287;278;188;665;496;418;76;671;501;692;326;760;783;783;800;590;640;753;497;219;0;596;205;815;718;581;592;462;581;690;793;350;310;722;148;372;355;272;475;548;571;978;525;362;969;799;189;245;796;170;767;902;239;602;702;829;683;566;203;768;189;813;514;723;773;677;318;188;320;299;401;287;558;784;774;260;400;551;234;602;675;279;282;275;171;197;487;381;684;263;616;188;771;802;423;573;788;41;613;570;691;931;77;320;675;929;744;744;478;854;564;863;476;586;57;811;661;367;442;115;418;406;525;358;651;147;670;720;273;132;717;847;268;774;483;769;223;346;947;637;276;195;573;1012;450;270;710;678;697;61;943;565;490;633;742;342;100;549;949;264;524;291;1046;514;185;580;258;670;874;225;496;15;657;655;422;204;517;422;738;157;469;537;951;461;375;612;25;101;795;688;774;818;409;586;497;241;197;816;391
22;415;508;317;782;1043;936;205;537;1056;865;362;835;211;575;618;657;864;320;898;435;392;596;0;781;778;296;698;516;674;360;135;997;680;572;465;744;316;241;346;818;267;278;796;70;400;859;732;527;353;200;566;940;649;388;825;171;459;656;497;573;665;470;569;114;1088;1133;575;391;763;356;764;447;355;444;330;1181;797;231;331;369;267;1101;419;377;748;758;398;731;478;549;789;688;768;175;441;208;639;879;589;1063;231;1107;926;560;303;984;918;983;1107;238;584;170;861;657;278;540;394;495;797;715;498;517;224;144;276;421;453;405;416;731;696;143;726;425;365;156;179;374;743;751;415;574;592;416;888;148;618;1030;675;799;617;766;822;811;743;881;854;496;104;871;752;124;321;898;424;549;40;342;237;894;438;159;582;374;154;195;590;900;773;190;470;848;870;741;399;486;946;583;543;350;634;718;472;783;862;122;410;708;952;399
23;458;358;466;67;522;342;588;280;524;389;811;159;925;855;841;848;508;765;702;583;422;205;781;0;825;856;574;656;445;693;860;712;313;340;816;95;513;543;475;383;684;704;1019;710;472;987;822;380;440;979;350;702;974;398;542;866;942;710;634;253;807;392;891;709;580;628;732;441;200;459;185;486;440;643;923;609;88;565;670;434;738;509;482;487;361;41;390;446;454;748;103;618;18;955;915;590;588;754;234;441;714;528;917;220;522;563;916;654;600;625;936;721;855;469;719;260;938;739;252;400;282;473;606;690;560;750;330;775;828;372;84;890;882;391;903;681;946;418;263;996;736;309;363;667;1032;641;274;588;697;672;226;987;497;406;617;695;169;297;720;958;344;720;462;1071;604;370;770;454;817;856;429;661;215;770;818;619;372;392;340;903;312;356;435;1004;560;445;496;227;238;931;724;796;925;317;503;692;384;291;760;496
24;503;531;731;883;603;650;654;833;618;530;446;725;709;249;193;155;411;468;250;380;816;815;778;825;0;543;252;274;380;418;715;359;512;507;342;879;566;742;824;499;512;499;228;754;505;163;51;936;768;854;946;299;293;655;345;682;454;139;299;615;121;886;287;828;607;625;203;554;978;581;654;444;623;345;572;719;760;639;449;794;513;700;924;883;1090;842;757;391;448;230;740;206;831;853;445;644;243;179;848;718;547;690;148;738;830;485;141;395;614;562;316;607;86;355;500;804;518;284;610;432;724;402;837;641;844;361;736;385;400;1087;781;748;113;582;513;843;802;768;573;228;365;542;980;365;207;771;561;519;137;187;876;206;388;471;217;238;734;780;676;134;1080;849;671;249;379;948;808;778;574;123;889;639;805;415;656;815;987;561;513;706;687;548;489;247;428;451;506;829;716;558;150;60;423;540;414;817;627;1012;261;480
25;402;509;472;881;959;900;321;684;974;801;98;855;166;307;358;399;754;105;722;317;573;718;296;856;543;0;552;335;584;190;187;833;647;553;201;852;348;422;544;753;173;152;513;315;387;591;492;723;519;312;754;771;359;479;699;148;162;451;332;607;422;661;289;394;991;1029;356;415;905;401;773;391;431;283;67;1098;842;330;196;545;118;1036;643;595;938;847;546;638;429;321;828;522;850;315;144;312;487;682;728;1017;148;1036;685;657;518;872;677;837;1007;240;294;174;629;558;137;673;104;271;780;642;604;441;470;225;508;194;575;163;144;925;777;214;466;466;70;428;261;535;724;468;197;572;786;246;614;379;618;917;476;621;760;485;713;736;581;705;873;629;231;611;937;410;435;616;296;743;336;517;62;666;640;249;703;139;143;438;788;839;723;164;563;795;788;454;315;439;852;715;633;76;421;485;175;742;754;393;480;880;764;366
26;325;311;556;633;421;420;526;611;437;300;459;474;702;362;324;313;211;450;206;264;623;581;698;574;252;552;0;217;129;370;680;298;260;272;392;632;415;589;643;261;443;443;462;654;334;415;257;723;584;828;727;243;464;463;149;657;536;162;220;378;263;680;408;714;445;480;233;373;734;409;402;270;445;273;604;556;507;504;383;606;472;510;734;699;856;592;561;142;256;267;488;50;580;819;516;517;65;214;618;509;487;505;350;506;661;322;348;289;459;460;452;539;284;106;452;580;575;297;360;180;504;205;691;553;684;362;526;395;437;855;533;716;325;385;554;718;778;578;321;448;355;305;760;309;459;644;317;367;138;120;643;433;174;235;54;189;484;562;594;384;844;735;498;501;278;732;718;596;556;292;692;541;573;413;618;676;767;336;265;690;472;311;268;461;299;254;313;598;487;598;187;232;507;292;212;699;430;777;266;319
27;247;309;463;701;632;600;379;594;647;489;242;602;489;198;191;209;424;236;393;109;554;592;516;656;274;335;217;0;274;162;476;500;374;315;184;687;294;468;556;443;249;242;387;484;245;398;238;684;503;622;700;439;317;398;365;449;329;142;27;411;185;630;236;556;660;696;87;295;772;316;520;192;360;72;387;770;612;364;184;529;265;716;658;615;861;661;498;321;211;93;594;187;656;616;307;369;152;364;620;706;289;713;420;515;558;539;414;501;675;290;282;347;352;243;247;569;360;90;504;336;487;183;563;373;571;145;488;178;223;855;593;511;264;333;338;570;571;506;452;354;138;347;735;101;438;496;383;583;159;291;650;353;384;422;246;375;616;538;411;392;853;577;403;465;104;699;542;511;344;382;629;369;580;196;414;540;740;527;426;480;446;490;468;358;157;218;524;601;491;381;124;217;303;449;424;544;374;787;441;217
28;265;215;479;504;378;326;483;499;392;217;502;351;717;456;427;423;189;479;295;269;531;462;674;445;380;584;129;274;0;394;682;356;131;160;458;504;366;526;559;170;445;452;584;621;279;543;381;616;499;828;615;316;567;378;162;666;602;275;264;260;377;578;499;670;416;460;323;305;607;344;275;227;372;304;644;517;379;458;395;518;486;451;641;611;734;463;468;56;198;350;360;174;451;815;579;476;152;326;500;434;489;452;476;389;584;309;475;323;434;439;545;532;412;31;464;466;628;364;241;63;395;157;627;534;611;411;425;444;493;735;406;718;446;301;601;666;781;490;196;566;401;189;647;340;587;596;192;355;258;236;523;554;148;151;175;282;362;455;575;513;722;689;426;628;289;623;688;513;574;417;594;516;454;454;622;617;655;255;154;702;370;216;204;577;285;191;274;480;372;642;295;356;577;179;187;654;344;655;358;275
29;235;336;382;725;770;711;260;563;784;610;119;675;331;242;271;306;567;85;555;127;483;581;360;693;418;190;370;162;394;0;313;661;460;371;148;702;219;363;471;563;94;82;467;338;223;511;373;628;428;460;652;601;346;351;514;288;250;298;150;439;307;568;254;414;803;842;215;263;769;264;592;210;304;97;251;909;668;254;37;456;103;846;576;529;829;688;440;448;247;190;653;347;688;453;223;249;306;526;599;827;129;846;566;511;461;686;559;659;819;158;287;189;501;368;85;544;248;137;594;451;467;253;444;223;464;79;450;89;138;819;618;349;374;314;216;435;409;438;538;425;67;395;687;61;544;365;439;731;319;453;631;433;525;546;406;537;692;505;258;517;824;435;329;561;105;647;390;432;185;534;558;226;567;77;251;417;691;649;534;320;424;605;598;421;134;257;663;584;486;252;274;358;236;553;566;405;341;762;603;197
30;446;550;415;871;1060;972;273;639;1073;888;273;894;77;490;539;580;866;247;869;419;503;690;135;860;715;187;680;476;682;313;0;975;713;607;381;836;358;345;462;840;238;236;700;186;429;776;666;646;457;147;682;915;546;463;819;40;343;608;464;631;597;586;475;249;1099;1141;518;436;867;409;817;460;421;409;204;1199;865;295;297;477;210;1126;545;500;867;842;497;739;496;487;854;660;850;140;329;270;617;839;690;1096;194;1130;861;644;423;987;853;969;1116;252;482;152;801;660;229;637;272;433;839;731;584;526;353;171;401;354;543;330;326;851;776;36;648;480;248;290;99;477;784;655;352;617;711;375;800;267;663;1033;630;767;719;672;824;828;719;851;912;592;140;794;870;260;401;804;403;668;175;449;142;836;557;199;675;300;62;321;710;925;801;55;549;876;885;642;396;506;956;681;623;225;582;656;361;815;865;255;477;821;917;419
31;611;571;834;779;293;418;821;841;306;326;736;566;990;586;533;502;205;737;114;562;887;793;997;712;359;833;298;500;356;661;975;0;443;513;651;794;707;876;915;330;740;738;575;952;623;477;403;962;855;1122;956;63;651;734;195;949;785;388;511;601;455;930;629;1010;275;279;483;656;904;694;528;562;725;565;878;379;627;798;678;874;764;388;995;967;1051;743;824;313;541;519;610;314;725;1114;771;813;358;180;833;430;783;372;326;727;939;179;332;64;275;758;666;836;309;359;745;808;838;564;460;354;744;493;978;852;965;639;778;670;704;1055;705;1010;472;657;823;1012;1071;846;457;585;636;538;986;599;511;939;527;191;360;213;852;561;227;308;256;130;566;803;892;428;1036;1030;779;557;575;967;1016;869;845;279;948;839;788;693;912;966;994;335;377;981;722;358;278;605;597;537;236;814;714;869;419;392;754;397;210;995;700;972;105;612
32;268;173;432;373;372;259;477;398;383;190;577;229;759;568;546;546;244;543;406;334;460;350;680;313;512;647;260;374;131;460;713;443;0;108;553;375;364;493;497;148;488;501;712;618;284;675;511;520;439;854;513;417;683;328;252;704;692;402;358;161;502;492;609;653;422;472;437;289;480;325;148;257;339;384;711;505;249;450;450;453;537;421;564;542;615;332;399;140;220;460;230;306;319;837;667;472;279;448;390;384;529;428;606;284;530;344;605;397;443;461;655;560;542;157;515;365;707;464;134;93;306;207;589;550;563;496;345;526;578;617;277;748;574;263;676;641;810;425;78;692;484;113;542;416;719;577;86;385;387;362;409;681;216;152;304;396;242;363;590;645;601;671;389;759;356;523;686;455;625;546;513;527;344;530;657;586;551;222;96;742;291;169;208;702;332;209;289;371;272;713;419;486;669;103;240;635;295;535;468;294
33;161;66;332;388;477;366;368;340;489;296;490;303;657;514;501;510;328;452;455;251;374;310;572;340;507;553;272;315;160;371;607;513;108;0;481;377;256;388;405;252;388;403;685;510;178;665;496;455;345;747;456;476;633;228;318;600;614;380;294;107;472;418;551;546;526;575;392;180;471;217;221;161;233;307;618;612;300;342;357;362;439;529;482;454;585;347;311;201;124;407;284;306;341;729;588;364;264;482;346;492;428;536;621;234;434;439;619;475;546;355;596;455;553;169;418;308;620;399;232;165;235;132;486;443;464;418;264;446;499;583;280;642;550;157;587;536;704;334;176;658;405;34;489;336;708;470;69;482;372;390;371;651;293;250;325;442;320;294;482;642;574;564;285;745;273;463;577;360;526;564;434;419;300;445;553;481;496;329;203;638;209;277;309;665;238;114;389;326;215;622;389;470;594;211;325;529;194;506;518;191
34;369;458;531;855;813;785;404;708;828;673;107;779;367;110;158;199;602;145;537;232;632;722;465;816;342;201;392;184;458;148;381;651;553;481;0;835;367;508;619;628;226;204;333;459;360;396;291;777;577;513;800;587;199;497;541;344;145;263;195;564;221;717;109;540;837;870;168;404;908;410;696;330;451;173;231;948;782;400;185;605;201;898;724;677;975;816;588;505;362;131;765;353;814;515;124;393;329;490;742;890;244;895;484;649;607;713;475;663;851;302;139;302;428;428;198;688;187;95;685;521;609;350;584;348;608;71;596;64;57;966;746;411;267;453;174;566;462;586;631;289;85;509;835;150;423;500;550;757;290;438;774;301;564;606;409;520;794;650;373;413;970;559;478;433;212;795;500;581;239;465;706;358;708;92;326;556;839;711;610;365;566;675;651;281;262;371;704;726;624;219;232;285;118;633;603;533;484;907;574;331
35;467;379;426;43;615;436;563;216;618;476;817;253;904;884;877;887;589;767;776;603;365;148;744;95;879;852;632;687;504;702;836;794;375;377;835;0;504;503;418;464;680;702;1062;673;478;1039;872;299;393;944;265;780;1004;377;617;846;952;757;663;275;850;321;918;662;673;722;767;441;109;451;266;505;424;664;919;704;180;543;675;382;735;604;409;422;267;55;345;513;477;780;194;673;77;919;925;566;637;823;164;536;706;623;980;196;467;651;979;738;694;615;961;705;916;525;717;205;940;764;337;467;252;505;553;668;504;766;293;788;840;277;98;863;927;389;904;631;916;372;338;1036;752;343;274;685;1083;599;318;679;747;737;147;1029;574;486;679;767;264;248;695;1013;250;672;434;1121;623;286;729;406;808;920;359;639;162;779;798;570;283;481;417;882;291;442;520;1042;573;469;585;164;219;928;767;846;938;397;584;646;372;196;836;506
36;100;194;170;534;728;621;117;345;740;549;322;535;416;450;467;494;555;268;621;185;267;372;316;513;566;348;415;294;366;219;358;707;364;256;367;504;0;178;263;502;176;199;668;257;86;691;532;409;213;493;433;656;561;134;524;357;460;427;267;273;478;350;469;304;773;820;378;78;560;54;458;144;86;232;414;865;509;92;185;241;231;784;367;322;610;500;221;421;168;370;497;419;505;474;433;110;367;619;385;748;202;790;708;308;264;674;703;684;792;112;506;210;638;353;214;330;438;330;484;401;256;214;278;189;279;296;233;309;355;600;431;391;556;123;402;304;452;220;429;630;282;261;467;231;730;231;306;719;436;529;417;633;515;496;466;604;553;288;227;686;606;324;112;754;190;427;324;220;304;663;342;164;357;291;309;261;471;583;457;395;215;532;555;628;137;174;632;371;285;424;417;510;451;467;553;288;132;545;680;95
37;265;322;77;542;865;735;106;296;876;683;436;613;420;604;629;661;711;380;795;361;158;355;241;543;742;422;589;468;526;363;345;876;493;388;508;503;178;0;122;640;285;309;829;170;255;862;706;304;112;441;339;828;708;168;688;364;568;605;443;358;650;243;617;169;915;963;550;220;524;182;548;319;155;402;481;997;567;109;325;132;326;909;221;173;525;518;157;578;335;537;561;596;530;416;543;116;544;796;348;863;283;918;886;323;99;826;880;849;935;207;647;249;816;518;319;298;526;492;592;550;261;385;101;199;103;442;213;445;481;510;459;368;725;230;489;150;416;133;543;788;430;380;369;393;899;97;417;870;615;706;376;795;672;639;642;779;631;254;210;860;526;183;103;920;364;326;226;104;364;841;219;173;340;420;322;93;370;714;589;397;239;660;698;784;314;339;778;342;308;496;592;686;568;593;708;151;198;476;855;272
38;324;344;93;460;863;716;224;202;872;683;553;571;538;709;729;757;733;497;845;447;53;272;346;475;824;544;643;556;559;471;462;915;497;405;619;418;263;122;0;645;400;425;930;279;319;954;793;184;60;544;221;873;817;181;721;483;687;685;529;343;741;124;726;249;917;967;641;273;421;242;519;383;201;496;603;988;515;221;434;45;445;895;104;59;405;444;99;605;388;633;513;658;459;517;662;234;607;856;255;841;403;907;962;265;48;841;958;880;938;321;758;371;892;558;436;215;647;592;574;570;211;439;135;321;85;551;161;557;596;390;395;481;819;259;611;214;525;71;532;891;537;386;249;492;993;198;413;883;690;763;279;896;698;649;697;830;589;178;330;948;408;255;153;1017;453;206;322;46;486;914;97;296;260;534;443;155;249;710;591;515;209;657;706;889;399;389;786;254;258;618;677;770;685;589;730;233;215;362;907;343
39;403;318;580;450;226;159;618;533;237;48;673;243;880;618;584;574;125;648;326;436;607;475;818;383;499;753;261;443;170;563;840;330;148;252;628;464;502;640;645;0;607;616;720;759;419;660;514;656;587;984;644;320;724;476;168;827;772;423;435;304;525;633;662;798;275;323;485;431;574;468;198;379;485;474;813;362;299;592;560;600;651;286;709;688;724;413;547;124;344;515;281;311;395;969;750;613;309;387;517;264;650;290;559;419;679;201;560;274;295;591;708;688;506;200;629;500;799;533;131;111;448;316;737;683;711;582;491;614;664;729;377;876;585;409;772;788;939;573;130;708;572;261;671;510;703;722;231;239;400;320;531;693;120;28;282;321;247;503;724;622;709;816;536;748;457;657;827;603;740;498;657;662;473;625;781;733;680;86;55;864;438;50;62;722;446;335;141;499;410;812;448;490;746;68;120;781;443;646;380;422
40;232;339;317;708;823;746;179;518;837;655;153;688;272;329;363;400;628;97;637;181;420;548;267;684;512;173;443;249;445;94;238;740;488;388;226;680;176;285;400;607;0;24;555;243;216;604;467;569;365;386;597;681;425;309;581;220;290;388;232;436;401;507;335;321;861;903;309;242;736;229;607;231;261;178;240;963;671;178;64;392;55;893;504;456;779;674;385;502;268;285;657;427;677;375;263;168;381;613;560;867;44;896;660;484;384;748;653;732;879;79;363;98;594;422;38;505;262;232;620;497;433;291;357;129;383;166;407;162;196;767;604;274;468;293;225;343;337;377;563;513;156;405;630;148;637;275;451;794;408;536;592;522;586;593;484;619;706;462;164;611;776;341;272;652;165;588;296;366;137;626;492;133;533;136;177;329;633;693;571;257;391;645;649;506;160;279;719;546;461;248;366;452;285;587;627;312;308;717;688;198
41;250;357;342;729;831;758;202;542;845;664;128;705;264;309;345;383;633;72;633;185;445;571;278;704;499;152;443;242;452;82;236;738;501;403;204;702;199;309;425;616;24;0;535;260;234;587;454;594;390;384;621;678;403;333;584;215;265;380;228;455;387;532;314;338;867;908;296;263;759;252;623;244;284;173;219;970;689;203;60;417;35;902;528;480;803;695;410;508;282;271;675;424;698;376;239;192;380;607;584;878;47;904;647;507;408;753;640;733;884;103;340;108;583;428;15;528;239;217;634;506;456;301;380;146;406;147;431;140;172;792;625;272;451;314;202;362;334;402;577;492;139;421;655;141;619;296;467;799;400;532;616;503;591;602;482;616;722;486;177;596;800;358;296;633;167;613;309;391;123;616;517;153;556;113;174;351;658;702;582;250;414;656;657;485;170;292;726;570;483;227;356;439;261;599;632;330;331;741;683;214
42;634;691;838;1072;831;875;727;982;846;753;434;935;670;226;201;178;638;478;473;492;934;978;796;1019;228;513;462;387;584;467;700;575;712;685;333;1062;668;829;930;720;555;535;0;792;631;115;206;1070;882;818;1087;519;159;783;571;661;371;309;414;788;212;1014;227;872;833;848;300;681;1153;699;859;580;742;436;514;944;962;719;504;909;534;928;1035;989;1248;1031;882;605;597;299;943;412;1022;825;377;716;433;398;1006;946;577;917;274;900;925;712;265;618;839;626;220;635;267;555;530;957;447;338;822;641;874;560;911;680;931;389;875;395;379;1242;965;726;137;721;459;898;769;887;780;45;400;719;1122;437;113;831;747;744;326;415;1036;34;614;692;438;463;945;925;706;161;1240;892;780;104;480;1085;832;888;563;301;1010;689;965;425;651;884;1127;786;728;674;834;770;714;61;537;602;734;988;877;495;295;230;346;755;641;865;761;1173;471;602
43;357;445;247;711;985;872;141;467;997;805;363;767;264;568;605;643;810;314;857;394;324;525;70;710;754;315;654;484;621;338;186;952;618;510;459;673;257;170;279;759;243;260;792;0;342;847;710;462;282;271;500;897;652;318;775;214;476;626;464;505;645;403;567;80;1030;1077;551;329;693;293;697;394;287;412;359;1121;728;167;305;300;258;1039;359;314;683;687;328;676;423;528;719;648;698;246;455;146;598;843;519;999;215;1046;902;489;238;930;895;934;1050;196;587;157;836;606;263;469;418;475;732;658;428;465;167;114;215;407;382;397;416;667;626;202;711;360;385;113;246;304;679;748;399;510;527;389;879;81;553;975;643;759;547;760;769;753;701;840;785;425;87;855;686;99;251;892;387;484;67;273;253;866;373;115;511;367;183;135;526;839;712;240;400;787;812;740;355;430;889;513;472;378;607;694;484;721;808;78;342;641;913;345
44;16;123;227;502;643;543;203;353;656;465;340;472;479;425;432;454;469;293;540;140;310;362;400;472;505;387;334;245;279;223;429;623;284;178;360;478;86;255;319;419;216;234;631;342;0;642;477;439;262;569;455;574;542;152;438;423;473;366;218;220;430;384;452;390;688;734;332;49;548;76;392;64;118;199;454;781;455;178;198;288;270;702;418;377;621;465;253;334;82;332;441;343;466;552;446;196;290;542;384;668;253;708;643;289;330;587;638;599;707;176;492;277;573;267;249;331;466;302;410;315;250;130;357;266;350;289;244;310;361;614;395;464;510;93;431;389;526;262;354;596;275;190;490;211;682;317;236;633;371;451;415;597;428;411;387;523;490;295;306;632;615;410;167;711;154;454;410;273;353;595;385;244;348;300;375;343;495;501;375;461;207;450;470;598;99;88;546;367;264;460;360;453;459;387;466;374;130;550;600;29
45;642;682;861;1044;746;809;766;982;761;689;503;888;753;286;242;204;565;539;383;507;952;969;859;987;163;591;415;398;543;511;776;477;675;665;396;1039;691;862;954;660;604;587;115;847;642;0;169;1079;901;902;1092;424;258;794;501;738;463;285;425;772;212;1026;303;925;743;754;313;692;1136;715;817;584;758;460;601;852;923;754;546;928;592;845;1057;1014;1243;1003;896;554;594;325;903;369;993;906;464;755;401;306;1001;869;632;832;162;891;955;626;153;525;747;667;310;692;170;518;584;955;538;374;773;595;873;551;951;733;965;440;880;453;450;1239;941;804;137;726;544;946;851;904;736;147;448;699;1127;470;44;876;721;655;292;342;1029;121;546;632;380;375;897;927;763;49;1234;946;801;87;500;1093;893;910;635;198;1027;738;958;484;722;926;1133;718;676;755;834;709;646;168;555;598;655;982;869;584;283;195;435;703;569;917;769;1166;371;615
