PARÂMETROS
200;15;10;20
COORDENADAS
0;887;845
1;389;314
2;801;256
3;703;682
4;88;776
5;936;317
6;386;424
7;966;127
8;195;926
9;894;867
10;503;646
11;527;219
12;266;462
13;908;937
14;633;428
15;804;324
16;225;777
17;451;863
18;910;631
19;156;407
20;929;746
21;14;831
22;19;572
23;448;487
24;684;619
25;407;332
26;564;829
27;551;65
28;247;565
29;99;669
30;390;722
31;433;741
32;186;39
33;148;424
34;32;23
35;849;603
36;612;335
37;638;926
38;216;56
39;963;471
40;754;973
41;347;679
42;32;798
43;193;473
44;547;603
45;510;937
46;0;306
47;653;378
48;648;432
49;761;86
50;938;111
51;292;175
52;550;110
53;281;518
54;56;683
55;15;84
56;834;913
57;468;942
58;185;753
59;339;425
60;34;22
61;245;294
62;72;312
63;573;200
64;129;77
65;52;591
66;469;783
67;702;473
68;318;748
69;339;752
70;889;719
71;588;79
72;346;979
73;742;340
74;78;940
75;606;118
76;568;512
77;634;275
78;339;670
79;876;50
80;196;729
81;453;765
82;937;902
83;973;399
84;274;698
85;768;399
86;196;470
87;382;834
88;420;574
89;521;95
90;643;605
91;61;214
92;426;542
93;197;941
94;175;406
95;281;604
96;691;920
97;285;592
98;673;462
99;662;277
100;149;730
101;221;297
102;573;751
103;25;331
104;823;510
105;34;679
106;218;901
107;546;955
108;971;175
109;176;536
110;824;37
111;579;263
112;432;231
113;692;257
114;74;739
115;948;627
116;776;262
117;171;345
118;870;26
119;261;364
120;279;267
121;117;394
122;999;230
123;215;837
124;126;504
125;141;420
126;785;610
127;510;857
128;602;850
129;921;964
130;477;551
131;930;828
132;87;689
133;466;364
134;633;207
135;294;904
136;180;613
137;447;592
138;771;813
139;486;50
140;67;284
141;490;619
142;53;892
143;990;311
144;848;98
145;415;790
146;490;552
147;196;426
148;298;880
149;345;250
150;570;866
151;274;374
152;884;473
153;111;509
154;889;229
155;112;485
156;569;481
157;494;833
158;319;490
159;332;696
160;127;830
161;760;151
162;585;387
163;605;780
164;755;882
165;92;922
166;799;924
167;50;685
168;468;630
169;586;902
170;919;616
171;865;672
172;219;851
173;548;647
174;121;954
175;853;545
176;437;281
177;53;10
178;820;945
179;366;917
180;674;893
181;736;913
182;163;889
183;840;41
184;952;289
185;197;837
186;675;325
187;464;747
188;463;40
189;934;154
190;604;732
191;188;489
192;845;684
193;429;612
194;451;267
195;78;839
196;753;328
197;44;827
198;882;590
199;867;321
DISTÂNCIAS
DE/PARA;0;1;2;3;4;5;6;7;8;9;10;11;12;13;14;15;16;17;18;19;20;21;22;23;24;25;26;27;28;29;30;31;32;33;34;35;36;37;38;39;40;41;42;43;44;45;46;47;48;49;50;51;52;53;54;55;56;57;58;59;60;61;62;63;64;65;66;67;68;69;70;71;72;73;74;75;76;77;78;79;80;81;82;83;84;85;86;87;88;89;90;91;92;93;94;95;96;97;98;99;100;101;102;103;104;105;106;107;108;109;110;111;112;113;114;115;116;117;118;119;120;121;122;123;124;125;126;127;128;129;130;131;132;133;134;135;136;137;138;139;140;141;142;143;144;145;146;147;148;149;150;151;152;153;154;155;156;157;158;159;160;161;162;163;164;165;166;167;168;169;170;171;172;173;174;175;176;177;178;179;180;181;182;183;184;185;186;187;188;189;190;191;192;193;194;195;196;197;198;199
0;0;727;595;245;801;530;654;722;696;23;432;722;729;94;488;527;665;436;215;852;107;873;909;566;303;702;323;849;698;807;511;465;1068;850;1186;244;579;261;1035;381;184;564;856;787;417;388;1037;522;477;769;735;896;808;688;846;1157;86;430;708;690;1185;846;973;717;1079;872;422;415;577;555;126;822;557;525;814;779;461;623;575;795;700;441;75;454;630;461;786;505;539;834;342;1039;551;696;836;652;209;653;438;610;746;862;327;1003;341;869;671;358;675;775;810;658;764;619;819;226;593;873;819;789;838;892;625;672;833;858;256;377;285;123;504;46;815;639;686;595;744;507;120;890;993;456;835;543;748;475;493;808;590;804;317;773;372;845;616;854;483;393;669;574;760;705;548;289;137;798;118;852;470;306;231;174;668;392;773;301;721;1180;120;525;218;165;725;805;559;690;561;434;909;692;304;784;166;513;724;809;534;843;255;524
1;727;0;416;483;551;547;110;606;642;748;351;167;192;810;269;415;491;552;609;250;691;638;451;182;424;25;543;297;288;458;408;429;341;264;460;543;223;660;310;595;753;367;601;252;329;634;389;271;284;436;585;169;259;230;497;439;746;632;484;121;459;145;317;216;351;436;475;351;439;440;643;307;666;353;698;292;266;248;359;553;457;455;803;590;400;388;248;520;261;255;386;342;230;655;232;309;677;296;320;275;480;168;474;364;476;509;611;659;598;307;515;196;93;308;529;640;390;220;560;137;119;283;615;551;324;269;494;556;576;839;252;746;481;91;266;597;364;283;628;281;323;321;668;601;507;476;258;223;573;77;580;129;519;339;507;325;245;529;189;386;578;405;209;513;675;676;734;502;325;620;610;595;563;369;693;518;58;453;764;603;645;692;617;527;563;557;286;439;283;568;470;266;587;300;77;610;364;618;565;478
2;595;416;0;437;882;148;447;209;903;618;490;276;573;689;240;68;776;700;390;662;506;974;843;421;381;401;620;314;634;814;621;608;652;674;803;350;204;689;618;269;718;620;940;645;430;740;802;191;233;174;199;515;290;582;858;804;657;762;791;491;801;557;731;234;695;820;622;238;689;677;471;276;854;102;995;238;346;168;620;219;767;616;660;223;687;146;641;713;496;322;383;741;471;913;643;625;673;615;242;140;806;581;544;779;254;875;869;744;188;684;220;222;369;109;872;399;25;636;240;550;522;697;199;825;719;680;354;667;626;718;438;586;835;351;175;822;716;488;557;376;734;478;981;196;164;658;429;628;801;456;652;540;232;734;92;726;323;653;535;643;885;112;252;559;627;972;668;864;500;680;378;420;832;465;974;293;364;787;689;791;649;660;898;218;154;838;143;595;401;167;515;655;430;514;350;928;86;948;343;92
3;245;483;437;0;622;433;408;614;563;265;203;495;489;327;263;371;487;310;213;612;234;704;692;321;65;458;202;635;470;604;315;276;825;612;940;166;358;252;793;334;295;356;680;551;174;319;797;308;255;598;617;652;592;452;647;911;265;350;522;445;939;600;731;499;833;657;254;209;390;370;189;613;464;344;676;572;217;412;364;655;509;263;321;391;429;290;549;355;302;614;97;794;310;568;595;429;238;427;222;407;556;616;147;763;209;669;532;314;573;546;656;436;526;425;631;251;426;629;676;544;593;652;540;512;603;620;109;260;196;356;261;269;616;396;480;465;527;271;147;668;750;222;683;469;601;307;249;567;450;561;227;528;276;616;489;622;241;257;429;371;594;534;317;138;206;656;260;653;240;249;225;162;512;158;642;203;481;934;287;410;212;233;578;655;465;529;358;247;685;576;110;549;142;282;485;644;357;674;201;396
4;801;551;882;622;0;964;461;1091;184;811;434;709;360;835;646;846;137;373;834;375;841;92;215;461;616;546;478;848;264;107;306;346;743;357;755;780;684;570;731;926;694;276;60;320;490;451;478;691;657;963;1079;634;810;322;98;695;758;414;99;431;755;506;464;752;700;188;381;684;231;252;803;857;328;786;164;837;547;741;272;1071;117;365;858;961;201;777;324;299;388;807;580;562;411;197;380;258;619;269;663;760;76;497;485;449;781;111;180;491;1068;255;1042;710;644;796;39;872;858;438;1083;446;543;383;1062;140;274;359;716;429;519;853;449;843;87;559;787;242;187;403;684;827;492;431;121;1014;1018;327;460;366;234;585;490;442;851;267;969;291;564;409;367;256;66;917;631;517;675;146;726;98;407;513;846;783;150;477;181;799;605;766;751;311;597;662;135;1051;991;124;740;377;826;1050;517;303;762;378;625;63;801;67;815;902
5;530;547;148;433;964;0;560;192;959;551;543;420;685;620;322;132;846;730;315;785;429;1055;951;516;393;529;632;460;732;908;679;657;799;795;950;298;324;678;765;156;680;691;1024;759;482;752;936;289;310;289;206;659;438;685;953;950;604;780;868;606;949;691;864;381;841;925;659;281;753;738;404;421;886;195;1060;385;416;304;693;273;846;658;585;89;763;186;755;757;576;470;410;881;557;967;766;715;650;706;300;276;888;715;565;911;223;971;925;747;146;790;301;361;511;251;959;310;169;765;298;676;658;822;107;888;831;801;329;687;629;647;515;511;926;472;322;869;811;561;522;523;869;538;1053;54;236;703;504;747;850;594;659;664;164;847;99;840;401;679;640;713;957;241;357;569;593;1038;622;959;563;681;299;362;894;509;1034;242;500;934;638;827;632;628;961;292;32;903;261;638;548;163;531;767;378;586;487;1004;183;1027;278;69
6;654;110;447;408;461;560;0;651;537;674;250;248;125;731;247;429;387;443;563;230;631;551;395;88;356;94;442;395;197;377;298;320;433;238;534;496;242;561;405;578;660;257;514;199;240;527;403;270;262;504;634;266;354;140;419;503;663;524;385;47;534;191;333;291;431;373;368;319;331;331;583;399;556;365;600;376;202;289;250;616;359;347;729;587;296;382;195;410;153;355;314;386;124;550;211;208;582;196;289;312;387;208;376;372;445;434;505;554;635;238;584;251;198;348;443;597;422;229;626;138;189;270;642;447;272;245;440;450;477;760;156;677;399;100;328;488;279;178;547;387;348;221;574;614;565;367;164;190;464;178;478;122;500;287;539;280;191;423;94;277;481;463;202;417;588;578;648;425;221;518;566;539;458;275;592;482;151;531;678;493;550;601;515;593;581;454;305;332;391;610;377;208;527;192;169;516;379;528;523;491
7;722;606;209;614;1091;192;651;0;1110;743;695;448;776;812;448;255;985;898;507;857;620;1184;1046;630;567;595;808;419;841;1022;828;813;784;870;939;490;410;863;753;344;872;829;1150;846;634;929;982;401;440;209;32;675;416;788;1066;951;797;955;1000;694;937;740;912;399;838;1025;823;435;897;885;596;381;1053;309;1203;360;553;363;829;118;977;818;775;272;897;336;842;917;705;446;576;909;681;1119;838;834;839;824;445;338;1015;764;737;962;408;1083;1076;928;48;889;168;410;544;303;1081;500;233;824;139;743;701;889;108;1033;920;875;515;860;809;838;647;701;1043;553;342;1027;924;696;713;486;912;684;1191;185;121;862;638;826;1006;633;838;734;355;936;127;926;531;849;741;851;1094;207;461;746;783;1181;814;1072;707;863;491;554;1040;667;1182;433;550;920;830;992;819;818;1107;152;162;1046;351;797;510;41;705;858;569;723;533;1138;292;1157;470;217
8;696;642;903;563;184;959;537;1110;0;701;416;781;469;713;663;856;151;263;773;520;755;204;395;506;577;630;381;931;364;274;282;301;887;504;917;729;723;443;870;892;560;290;207;453;477;315;649;714;670;1012;1102;757;889;416;279;861;639;273;173;521;918;633;626;818;851;364;309;679;216;225;724;933;160;801;117;906;557;785;293;1109;197;304;742;939;241;778;456;208;417;892;551;724;448;15;520;333;496;345;666;799;201;629;416;618;753;294;33;352;1079;390;1089;766;734;833;222;810;882;581;1125;565;664;537;1063;91;427;508;669;322;414;726;469;741;260;623;841;101;313;418;586;923;654;425;146;1005;1054;258;476;500;112;692;379;557;824;425;983;448;581;313;453;267;117;959;665;435;561;103;604;281;402;391;787;716;78;449;79;760;688;926;625;171;480;541;48;1095;989;89;769;323;925;1068;452;437;693;391;706;145;817;180;764;904
9;23;748;618;265;811;551;674;743;701;0;449;744;747;71;510;550;675;443;236;869;125;880;923;585;324;723;332;872;714;819;524;477;1089;867;1206;267;602;262;1057;401;175;578;864;804;436;390;1055;545;499;792;757;917;831;705;857;1177;75;432;718;709;1205;865;991;740;1099;886;433;438;588;566;148;845;559;548;819;802;481;646;588;817;711;452;55;474;642;484;803;513;557;857;362;1058;569;700;854;667;209;668;461;633;757;881;341;1021;363;880;676;358;696;790;832;681;786;642;829;246;616;891;841;808;859;909;645;679;849;875;279;384;292;100;523;53;826;660;709;601;757;524;134;913;1011;474;841;564;770;485;512;825;596;825;324;792;394;860;638;870;504;401;687;587;767;728;570;301;139;803;110;863;487;309;252;197;675;410;777;324;743;1200;107;530;221;164;731;827;580;697;584;446;932;714;319;800;189;530;745;816;557;850;277;546
10;432;351;490;203;434;543;250;695;416;449;0;427;300;498;253;440;307;223;407;421;437;522;489;168;183;328;192;582;268;404;136;118;684;418;781;348;329;310;656;492;412;159;494;355;61;291;607;307;258;616;689;516;538;256;448;744;425;298;335;275;780;436;545;451;680;454;141;263;211;195;392;573;368;388;516;537;148;393;165;703;318;129;503;530;234;362;353;223;109;551;145;618;129;425;406;225;332;224;250;401;363;448;126;572;347;470;382;311;663;345;688;390;421;432;438;445;471;448;720;371;440;460;647;345;402;426;284;211;226;525;98;464;418;284;457;332;324;77;315;596;566;29;512;591;647;168;94;377;311;426;229;355;418;415;568;422;177;187;241;178;418;557;271;168;345;495;406;454;38;269;417;362;350;45;490;364;370;779;435;303;300;354;417;692;573;360;364;108;607;654;132;351;344;81;382;466;404;493;383;487
11;722;167;276;495;709;420;248;448;781;744;427;0;356;812;234;296;634;648;562;415;662;798;618;279;429;164;611;155;445;621;521;530;385;430;532;501;143;715;351;503;787;493;761;419;384;718;534;202;244;269;424;239;111;387;661;529;758;725;634;278;530;291;464;49;422;603;566;308;568;565;617;152;781;246;849;128;295;120;488;387;607;550;796;480;541;300;415;631;370;124;403;466;338;793;398;456;719;444;283;146;635;315;533;514;415;674;748;736;446;472;348;68;95;169;689;586;252;377;393;302;252;445;472;692;491;435;468;638;635;842;335;730;643;157;106;723;525;381;642;173;464;401;823;472;343;581;335;390;699;184;648;296;438;507;362;492;265;614;341;515;730;242;177;566;701;826;755;666;415;685;557;565;703;428;839;461;109;518;782;716;689;724;762;360;430;700;182;531;190;412;518;433;563;405;89;765;250;776;513;354
12;729;192;573;489;360;685;125;776;469;747;300;356;0;798;368;555;317;441;665;122;721;446;270;183;446;191;472;488;104;265;288;325;430;123;497;599;368;594;409;697;706;231;409;73;314;534;308;396;383;621;758;288;452;57;304;453;725;520;302;81;497;169;245;403;408;249;379;436;290;299;673;500;523;491;513;483;306;412;220;736;276;356;802;709;236;505;70;389;190;446;403;321;178;483;106;142;624;131;407;437;292;171;421;274;559;317;441;566;761;116;701;370;284;472;337;701;547;150;744;98;195;163;768;378;146;131;539;464;513;825;229;758;289;222;446;442;173;222;615;467;266;273;479;739;686;360;241;78;419;226;505;88;618;161;665;155;303;435;59;243;393;583;327;464;644;491;705;310;262;544;670;634;391;337;512;592;249;499;734;465;593;651;439;711;707;381;431;347;465;735;432;82;620;221;268;421;505;427;629;617
13;94;810;689;327;835;620;731;812;713;71;498;812;798;0;578;621;701;462;306;920;192;900;961;643;388;785;360;942;758;852;560;513;1152;916;1266;339;670;270;1120;469;158;617;886;852;491;398;1105;614;568;863;826;979;901;754;889;1234;77;440;746;765;1265;923;1043;809;1160;923;465;507;619;598;218;915;563;619;830;872;544;716;628;887;741;486;45;541;677;555;851;535;608;926;424;1113;623;711;905;709;217;712;529;704;786;938;383;1070;435;911;690;362;764;834;903;750;851;713;857;312;687;945;911;864;918;959;712;700;893;924;349;405;318;29;578;111;857;723;780;614;796;575;184;982;1064;525;856;631;841;514;568;876;612;888;345;847;464;904;708;915;568;426;739;624;788;799;637;341;162;816;109;894;536;323;321;268;694;462;787;395;807;1261;88;542;238;173;746;898;649;717;654;482;1001;783;366;848;260;578;811;835;628;870;347;617
14;488;269;240;263;646;322;247;448;663;510;253;234;368;578;0;200;536;471;343;477;434;738;630;194;197;245;406;372;409;585;381;371;592;485;724;277;95;498;558;332;558;380;705;442;194;523;644;53;15;365;439;424;328;363;630;707;525;539;553;294;723;410;572;235;614;603;391;82;449;437;387;351;621;140;755;311;106;153;380;449;530;382;563;341;449;138;439;477;258;351;177;610;236;673;458;393;495;384;52;153;570;432;328;615;206;649;629;534;422;469;435;173;281;180;639;372;219;469;466;377;388;517;416;584;512;492;237;446;423;608;198;498;605;178;221;584;489;247;408;405;584;238;742;375;393;422;189;437;562;338;442;363;255;528;324;524;83;428;320;403;646;304;63;353;470;732;523;637;260;476;342;336;591;234;734;249;245;714;549;557;466;495;658;438;347;597;111;361;423;407;305;449;332;274;242;690;156;711;297;257
15;527;415;68;371;846;132;429;255;856;550;440;296;555;621;200;0;735;644;324;653;440;938;823;391;318;397;559;362;606;784;574;558;680;663;828;282;192;624;646;216;650;578;905;628;379;679;804;160;189;241;251;533;332;557;829;824;589;703;753;475;827;559;732;262;718;797;568;180;644;631;404;326;799;64;952;285;301;176;579;283;730;563;593;184;648;83;625;661;458;364;323;751;436;865;634;593;606;584;190;149;770;583;485;779;186;847;822;681;223;662;287;233;383;130;839;335;68;633;305;544;528;690;216;781;701;669;286;608;563;650;398;519;804;340;207;772;687;446;490;419;738;430;941;186;230;607;388;616;751;464;590;532;169;717;127;710;282;595;512;600;845;178;227;497;560;929;600;835;454;617;313;353;787;412;929;226;369;814;621;737;583;592;854;285;152;794;129;542;443;214;454;637;362;472;357;890;51;911;277;63
16;665;491;776;487;137;846;387;985;151;675;307;634;317;701;536;735;0;241;700;376;704;217;290;365;485;480;342;783;213;165;173;211;739;361;778;647;587;439;721;798;564;156;194;305;366;326;521;585;545;874;975;605;741;264;193;724;624;293;46;370;778;483;489;673;706;254;244;565;97;116;666;786;235;676;219;761;433;647;156;975;56;228;722;838;92;661;308;167;281;743;452;586;309;166;374;181;487;194;547;664;89;480;348;488;654;214;124;367;958;245;952;624;583;698;155;738;754;435;989;414;512;397;947;60;290;366;584;296;384;720;338;706;163;478;700;144;170;288;547;772;517;308;206;895;921;190;347;352;126;540;356;405;725;291;860;313;453;274;302;134;111;823;530;380;540;196;592;197;284;382;712;648;74;348;205;669;539;786;618;198;463;528;128;959;875;66;637;240;774;943;381;290;626;262;557;159;693;187;683;787
17;436;552;700;310;373;730;443;898;263;443;223;648;441;462;471;644;241;0;514;543;492;438;520;376;337;532;118;804;361;401;153;123;865;533;938;475;552;197;840;644;322;211;424;467;277;94;716;525;473;836;895;706;759;384;434;892;386;80;287;452;938;605;668;674;849;482;82;463;175;157;461;795;156;598;380;760;369;615;223;917;288;98;487;698;241;561;468;74;290;771;321;757;321;265;533;309;246;317;458;622;329;610;165;681;512;455;236;132;862;427;906;613;632;652;396;550;683;588;936;533;620;575;837;237;484;540;419;59;151;480;313;480;403;499;680;162;368;271;323;813;694;247;399;771;861;81;313;505;153;622;119;520;582;490;770;507;399;52;395;205;325;776;494;174;304;363;353;438;233;140;529;455;232;236;342;512;582;941;378;100;225;289;289;909;761;255;582;116;823;857;201;457;432;251;596;373;614;408;510;683
18;215;609;390;213;834;315;563;507;773;236;407;562;665;306;343;324;700;514;0;786;116;918;892;483;226;585;398;670;666;811;527;489;935;789;1067;67;420;401;901;168;375;565;893;734;364;503;966;360;329;565;520;768;633;639;855;1048;292;540;735;607;1066;745;896;547;957;858;466;261;603;583;90;639;662;336;887;596;362;450;572;581;720;476;272;240;639;272;731;565;493;662;268;945;492;777;768;629;362;626;291;432;767;765;357;934;149;877;742;487;460;740;600;494;623;432;842;38;392;792;606;701;728;827;410;724;794;797;126;459;377;333;440;198;825;518;506;673;730;464;229;719;911;420;895;329;536;519;427;742;660;681;413;685;160;808;402;811;372;462;607;581;807;502;406;339;295;868;313;861;442;422;17;60;725;362;852;103;588;1058;326;614;352;331;790;594;344;742;385;460;741;477;322;735;83;481;585;857;341;887;49;312
19;852;250;662;612;375;785;230;857;520;869;421;415;122;920;477;653;376;543;786;0;844;447;214;302;568;261;586;522;182;268;392;433;369;18;403;720;461;708;356;809;823;332;410;75;437;637;185;497;492;684;836;268;493;167;293;352;846;619;347;183;403;143;126;465;331;211;489;549;377;390;796;542;602;589;538;534;425;495;320;803;324;465;924;817;314;612;74;483;312;480;525;215;301;535;19;233;741;225;519;522;323;127;540;151;674;298;497;672;847;130;763;446;327;556;341;821;636;63;809;113;186;41;861;434;101;19;660;572;628;946;351;881;290;312;517;515;207;344;736;486;151;395;495;839;757;462;364;44;493;245;618;122;730;111;754;89;419;543;182;338;423;656;429;583;764;518;825;297;383;655;791;756;448;459;548;710;307;410;854;551;710;769;482;775;804;431;525;458;478;818;553;88;742;341;326;438;602;434;748;716
20;107;691;506;234;841;429;631;620;755;125;437;662;721;192;434;440;704;492;116;844;0;918;926;546;275;666;374;778;705;833;539;496;1025;844;1152;163;519;342;992;277;286;585;898;785;407;460;1027;460;421;681;635;855;740;686;875;1128;192;500;744;671;1151;819;960;651;1042;890;461;355;611;590;48;749;627;446;872;706;430;555;594;698;733;476;156;349;656;382;783;554;537;768;318;1018;542;757;827;663;294;662;382;539;780;838;356;994;258;897;727;436;572;781;716;596;715;543;855;120;507;857;722;769;807;885;520;719;838;852;198;433;343;218;492;82;843;600;614;654;760;506;171;825;978;457;888;439;653;515;479;799;645;766;378;753;276;851;518;857;447;443;661;599;806;618;497;325;220;855;220;881;475;376;130;97;717;393;834;214;676;1144;226;588;294;255;779;710;457;737;491;465;845;592;325;784;104;517;676;856;453;888;162;429
21;873;638;974;704;92;1055;551;1184;204;880;522;798;446;900;738;938;217;438;918;447;918;0;259;553;702;635;550;935;353;182;391;428;810;428;808;865;776;631;800;1014;753;366;37;400;579;507;525;783;749;1055;1171;712;898;411;153;747;824;467;187;520;809;584;522;842;762;242;457;775;315;334;882;946;363;878;126;926;639;832;362;1163;208;443;925;1051;292;868;404;368;480;893;668;618;503;213;454;350;682;361;755;852;168;572;564;500;870;153;215;546;1160;336;1134;801;731;888;109;956;951;510;1175;528;623;448;1153;201;345;430;802;496;588;916;541;916;159;649;878;289;274;494;757;912;549;521;72;1105;1110;403;551;444;288;668;557;525;940;336;1062;359;656;480;457;345;113;1009;723;593;742;119;790;150;496;576;930;865;205;564;163;886;693;821;814;362;662;726;159;1142;1083;183;832;457;909;1142;598;383;843;469;713;64;893;30;900;993
22;909;451;843;692;215;951;395;1046;395;923;489;618;270;961;630;823;290;520;892;214;926;259;0;437;666;456;602;734;228;125;400;447;558;196;549;830;638;713;552;949;837;345;226;200;528;611;266;663;644;886;1028;481;703;267;117;488;883;581;245;352;550;358;265;667;507;38;497;690;346;367;882;752;522;759;372;742;552;682;334;1003;236;474;975;969;284;768;204;447;401;692;624;360;408;409;227;263;756;266;663;707;204;341;582;241;806;108;384;651;1031;161;966;639;535;743;175;930;818;273;1011;319;400;203;1037;329;126;194;766;567;645;983;458;946;135;493;714;431;166;428;789;700;291;473;321;1005;954;452;471;229;415;458;624;322;870;111;935;127;557;541;311;336;279;852;595;621;798;357;855;117;452;656;901;851;343;534;395;834;509;563;883;489;729;793;348;977;974;319;700;478;692;1005;606;188;833;411;528;273;773;256;863;884
23;566;182;421;321;461;516;88;630;506;585;168;279;183;643;194;391;365;376;483;302;546;553;437;0;270;160;361;434;215;393;242;254;518;306;623;417;223;478;489;515;574;216;519;255;152;454;483;232;207;508;617;348;390;169;438;591;574;455;374;125;622;280;414;313;519;409;296;254;291;286;498;431;502;328;584;401;122;282;213;611;349;278;641;532;273;331;252;353;91;398;227;473;59;518;284;203;496;193;226;299;385;296;292;450;375;456;473;478;608;276;586;259;256;335;450;519;397;311;624;223;277;343;607;420;322;314;358;375;394;671;70;590;413;124;335;444;296;105;458;438;431;138;565;569;557;304;77;259;420;258;398;207;436;337;510;336;121;349;129;239;469;458;169;332;500;562;560;444;144;437;488;456;430;188;570;409;206;619;590;437;464;514;492;593;541;430;278;260;447;589;290;260;443;126;220;510;343;528;446;450
24;303;424;381;65;616;393;356;567;577;324;183;429;446;388;197;318;485;337;226;568;275;702;666;270;0;398;241;569;440;587;311;279;764;570;883;165;292;310;732;315;360;342;676;512;137;362;752;242;190;538;567;592;526;415;631;856;330;388;516;395;882;546;684;433;775;632;270;147;388;369;228;548;493;284;685;507;157;347;348;600;500;273;379;363;417;235;510;370;267;548;43;743;269;583;551;403;301;399;157;342;546;563;172;719;176;652;544;363;528;514;598;371;462;362;621;264;368;581;621;493;536;610;500;517;569;578;101;294;245;418;217;322;601;335;415;483;504;238;212;602;702;194;687;434;546;318;205;524;465;501;272;477;247;583;440;587;179;286;387;360;595;474;252;179;272;665;325;637;216;299;235;188;519;138;655;184;418;876;353;435;274;298;586;598;425;533;294;254;619;527;138;512;173;255;422;644;299;672;200;349
25;702;25;401;458;546;529;94;595;630;723;328;164;191;785;245;397;480;532;585;261;666;635;456;160;398;0;521;303;282;456;390;409;367;274;485;518;205;637;335;573;728;352;598;256;305;613;407;250;260;431;575;194;264;224;496;463;721;613;475;115;485;166;335;212;377;439;455;326;425;425;618;311;649;335;691;292;241;234;344;547;449;435;778;569;389;367;252;502;242;262;360;365;210;644;243;299;652;287;296;260;474;189;450;382;452;509;599;638;585;308;510;185;104;294;525;616;375;236;554;149;143;296;600;540;329;280;469;535;553;814;229;720;479;67;258;583;361;263;603;292;343;298;662;583;499;458;235;230;558;102;558;139;497;344;492;332;220;508;180;371;571;396;186;489;650;668;710;502;304;597;585;570;552;345;684;494;59;478;739;586;621;667;608;521;546;546;268;418;297;556;445;269;561;280;78;604;346;613;540;460
26;323;543;620;202;478;632;442;808;381;332;192;611;472;360;406;559;342;118;398;586;374;550;602;361;241;521;0;764;412;491;204;157;875;580;965;363;496;122;847;536;238;263;532;514;226;120;769;459;405;768;809;708;719;420;528;925;282;148;386;462;965;622;713;629;868;564;105;381;258;237;343;750;264;520;498;712;317;558;275;839;381;128;380;593;318;475;514;182;292;735;237;794;318;383;574;361;156;366;382;560;426;632;78;733;410;550;353;127;770;486;833;566;612;586;498;433;605;623;859;555;630;623;740;349;545;588;311;60;43;381;291;366;497;475;625;280;440;264;207;782;737;222;514;670;784;154;286;545;270;619;37;539;478;554;682;568;348;70;418;267;437;705;442;63;198;481;253;533;220;76;413;339;345;182;460;405;562;965;281;216;127;191;405;834;664;367;516;129;795;769;104;506;316;255;573;486;535;520;397;591
27;849;297;314;635;848;460;395;419;931;872;582;155;488;942;372;362;783;804;670;522;778;935;734;434;569;303;764;0;585;754;676;686;365;539;520;615;276;865;335;578;930;647;898;542;538;872;601;329;379;211;389;281;45;527;791;536;893;880;779;417;518;382;538;136;422;725;722;435;721;718;736;39;936;334;994;76;447;225;641;325;752;706;921;538;690;398;538;787;525;42;547;512;493;944;507;602;866;590;415;239;777;403;686;589;521;802;899;890;434;602;274;199;204;238;825;688;299;472;321;416;338;544;477;841;611;542;593;793;786;972;491;851;777;310;163;877;661;537;779;66;531;557;965;503;298;737;490;506;853;276;801;414;526;625;375;607;416;770;484;667;874;226;323;717;842;972;894;797;571;837;662;683;853;582;987;567;244;501;920;871;837;867;910;289;459;849;288;687;91;393;669;558;685;560;225;907;331;915;620;406
28;698;288;634;470;264;732;197;841;364;714;268;445;104;758;409;606;213;361;666;182;705;353;228;215;440;282;412;585;0;180;212;256;529;172;583;603;431;532;509;722;650;151;317;106;302;455;357;446;422;702;826;392;546;58;224;534;682;437;197;167;583;271;307;489;502;196;311;464;196;208;660;593;425;543;411;573;325;483;139;812;171;287;767;744;135;546;107;300;173;544;398;397;180;379;174;51;568;46;438;505;191;269;375;322;578;241;337;491;822;76;782;448;381;541;245;703;609;232;823;201;299;214;823;273;135;179;539;392;455;783;230;731;202;297;526;342;82;201;579;567;333;248;380;785;761;280;243;148;319;329;441;192;643;147;724;156;332;364;103;156;290;659;382;417;598;389;658;230;230;478;673;627;287;311;408;606;341;587;687;371;538;600;334;791;757;276;490;283;567;800;394;96;609;187;361;321;558;331;635;666
29;807;458;814;604;107;908;377;1022;274;819;404;621;265;852;585;784;165;401;811;268;833;182;125;393;587;456;491;754;180;0;295;341;635;249;649;752;612;597;624;886;722;248;145;217;452;490;376;625;597;882;1007;530;718;236;45;591;774;459;120;342;650;402;358;666;592;91;387;634;232;253;791;766;396;722;271;748;494;664;240;993;114;366;869;914;177;721;221;327;334;712;547;456;350;289;273;193;643;201;610;686;78;391;481;346;741;65;260;530;1002;153;961;628;550;722;74;850;789;331;1003;345;440;275;1001;204;167;252;688;451;534;873;395;846;23;477;706;305;98;356;687;730;386;394;227;960;941;338;408;261;290;485;510;343;809;160;904;184;506;427;283;234;163;839;561;518;689;253;745;51;371;539;821;766;218;449;285;764;514;660;772;364;617;682;229;971;933;194;670;373;726;981;508;200;746;334;534;171;737;167;786;843
30;511;408;621;315;306;679;298;828;282;524;136;521;288;560;381;574;173;153;527;392;539;391;400;242;311;390;204;676;212;295;0;47;712;383;785;474;446;321;688;625;442;60;365;317;197;246;570;433;388;736;820;555;632;231;336;740;483;233;207;301;785;451;518;553;695;362;99;399;76;59;499;672;260;519;380;641;275;509;72;829;194;76;575;666;118;497;318;112;151;640;278;605;183;291;382;160;360;167;384;521;241;457;185;534;482;358;248;280;797;283;810;496;492;554;316;566;600;435;845;380;468;426;782;209;342;391;410;180;247;583;191;550;304;365;569;205;236;141;391;678;544;143;377;727;774;72;197;353;182;474;230;366;553;351;701;365;300;152;242;63;284;680;387;222;398;358;456;342;120;266;539;477;214;174;355;495;443;787;484;196;331;395;281;816;709;224;488;78;685;786;214;308;456;116;459;333;535;361;509;623
31;465;429;608;276;346;657;320;813;301;477;118;530;325;513;371;558;211;123;489;433;496;428;447;254;279;409;157;686;256;341;47;0;744;426;822;438;443;276;718;594;396;106;405;359;178;210;613;424;376;732;807;583;641;269;381;778;436;204;248;329;822;484;560;558;730;409;55;379;115;94;456;679;253;506;406;646;265;507;117;820;237;31;529;639;164;478;360;106;167;651;250;645;199;309;422;204;314;210;368;517;284;492;140;578;453;403;268;242;780;328;805;499;510;548;359;527;589;474;837;414;498;469;762;238;387;433;375;139;201;536;195;504;349;378;570;214;283;149;345;693;585;134;408;703;765;52;197;394;193;498;185;399;524;396;685;410;293;110;275;110;318;674;385;176;351;386;409;387;116;222;501;437;240;148;377;463;460;823;437;188;284;348;307;809;688;254;481;31;701;771;171;351;415;129;474;368;522;398;473;603
32;1068;341;652;825;743;799;433;784;887;1089;684;385;430;1152;592;680;739;865;935;369;1025;810;558;518;764;367;875;365;529;635;712;744;0;386;154;870;518;995;34;889;1093;659;774;434;669;954;325;577;606;576;755;172;370;488;656;176;1088;946;714;415;152;261;295;419;68;568;796;674;721;729;978;403;953;632;907;427;607;506;649;690;690;773;1144;865;664;684;431;818;583;339;727;215;557;902;367;572;1015;561;645;532;691;260;810;333;792;657;862;984;796;497;638;452;312;550;708;962;630;306;684;333;246;361;835;798;468;383;827;879;911;1181;588;1084;657;428;477;871;574;611;970;300;272;654;863;848;664;785;596;387;848;264;911;346;821;475;728;452;584;851;470;673;793;584;529;851;1017;887;1076;660;654;951;932;928;812;707;917;837;348;136;1105;896;983;1032;850;654;805;798;566;760;277;756;809;450;922;622;349;807;636;800;887;737
33;850;264;674;612;357;795;238;870;504;867;418;430;123;916;485;663;361;533;789;18;844;428;196;306;570;274;580;539;172;249;383;426;386;0;417;723;472;701;374;816;817;323;391;66;437;627;189;507;500;700;849;287;510;162;274;365;842;608;331;191;417;162;135;480;347;192;481;556;365;379;797;559;589;599;520;550;429;508;311;818;308;457;922;825;301;620;66;472;310;497;527;227;302;519;32;223;735;216;526;534;306;146;536;154;680;279;482;663;859;115;778;460;343;569;323;825;648;82;824;127;204;43;872;418;82;8;663;564;622;942;352;880;271;323;531;501;191;342;734;504;161;393;477;849;772;453;365;48;480;262;611;135;737;92;766;70;424;535;183;328;406;670;438;579;760;501;820;278;380;648;794;758;432;457;530;715;322;424;850;539;704;764;465;790;815;415;536;451;496;831;550;76;743;338;341;420;612;416;752;726
34;1186;460;803;940;755;950;534;939;917;1206;781;532;497;1266;724;828;778;938;1067;403;1152;808;549;623;883;485;965;520;583;649;785;822;154;417;0;1001;658;1087;186;1033;1193;727;775;477;775;1031;284;715;739;731;910;301;525;554;660;63;1198;1017;745;505;2;344;291;569;111;568;876;807;779;791;1104;558;1006;777;918;581;725;652;716;844;724;853;1261;1013;717;826;476;883;673;494;843;193;651;932;408;632;1113;622;776;679;716;332;907;308;928;656;897;1064;951;532;792;597;450;700;717;1097;781;350;838;410;347;380;988;834;490;411;954;961;1004;1294;690;1205;668;551;628;919;608;704;1081;454;263;751;869;1000;819;857;699;435;897;386;1000;426;963;492;881;468;705;932;548;736;812;739;662;949;1122;901;1183;662;747;1039;1066;1055;848;809;935;972;480;24;1212;954;1081;1134;875;808;957;830;710;843;431;911;910;491;1047;710;484;817;782;804;1021;886
35;244;543;350;166;780;298;496;490;729;267;348;501;599;339;277;282;647;475;67;720;163;865;830;417;165;518;363;615;603;752;474;438;870;723;1001;0;357;385;836;174;382;507;839;668;302;475;899;298;263;524;499;702;576;574;797;982;310;509;680;540;1000;678;829;488;891;797;420;196;550;531;122;585;628;283;841;542;295;392;514;553;665;427;311;238;582;219;666;521;429;604;206;878;427;734;702;568;354;564;225;375;711;698;313;867;96;818;697;464;445;676;566;434;558;379;786;101;348;725;577;634;661;761;402;675;729;731;64;423;349;368;375;239;766;451;451;631;669;402;224;661;844;359;846;324;505;472;362;676;616;615;383;618;134;743;376;746;305;422;541;525;756;460;341;301;294;821;324;803;381;398;71;70;677;304;808;58;522;992;343;576;338;329;743;562;330;692;327;411;682;456;276;670;81;420;520;806;291;835;35;282
36;579;223;204;358;684;324;242;410;723;602;329;143;368;670;95;192;587;552;420;461;519;776;638;223;292;205;496;276;431;612;446;443;518;472;658;357;0;591;484;376;653;434;742;441;275;610;612;59;103;290;395;357;233;378;655;647;619;623;597;287;657;369;540;140;547;615;470;164;506;498;473;257;696;130;806;217;182;63;432;388;572;458;653;366;495;168;437;549;306;256;271;564;278;734;442;426;590;415;140;76;608;392;417;587;274;672;689;623;393;480;365;79;207;111;672;445;179;441;402;352;339;498;400;640;514;478;324;531;515;700;254;586;633;148;129;651;513;305;503;311;547;309;789;378;334;495;248;425;628;280;532;340;305;530;296;522;152;511;331;456;693;236;58;445;565;784;617;662;328;567;416;421;648;318;790;319;183;646;644;631;561;591;713;372;343;651;63;437;330;369;397;451;419;331;174;734;141;751;371;255
37;261;660;689;252;570;678;561;863;443;262;310;715;594;270;498;624;439;197;401;708;342;631;713;478;310;637;122;865;532;597;321;276;995;701;1087;385;591;0;966;559;125;381;619;635;335;128;889;548;494;848;868;826;820;542;630;1047;196;170;484;583;1087;744;835;728;989;674;221;457;366;345;325;848;296;595;560;808;419;651;393;907;483;245;299;624;429;542;635;272;414;839;321;916;438;441;696;480;53;485;465;649;526;754;186;854;455;652;420;96;821;604;908;665;724;671;594;430;678;745;929;676;750;744;784;432;663;709;348;145;84;285;408;308;599;587;719;344;554;384;174;889;859;340;585;708;854;261;402;667;343;736;90;661;515;672;740;686;450;171;540;382;519;784;541;149;125;546;161;635;341;57;418;340;425;293;517;437;675;1086;182;272;48;98;476;907;710;449;602;249;903;826;196;627;318;377;685;566;608;602;415;646
38;1035;310;618;793;731;765;405;753;870;1057;656;351;409;1120;558;646;721;840;901;356;992;800;552;489;732;335;847;335;509;624;688;718;34;374;186;836;484;966;0;854;1063;636;764;417;639;928;330;542;572;545;724;141;338;466;647;202;1056;921;697;388;185;239;293;384;89;559;769;640;699;706;944;372;932;597;894;394;576;471;626;660;673;747;1111;831;644;649;414;795;556;307;695;221;529;885;352;551;985;540;611;497;677;241;781;334;758;649;845;957;764;481;608;417;277;516;697;928;596;292;654;311;220;352;802;781;456;371;794;853;882;1149;559;1051;646;396;443;851;558;583;938;270;272;626;851;814;633;760;566;370;828;232;883;323;787;465;694;441;552;825;446;650;779;552;495;821;986;874;1045;650;626;923;898;894;795;677;903;803;315;169;1074;873;954;1002;834;624;772;781;532;734;247;724;779;433;888;595;315;795;601;789;853;702
39;381;595;269;334;926;156;578;344;892;401;492;503;697;469;332;216;798;644;168;809;277;1014;949;515;315;573;536;578;722;886;625;594;889;816;1033;174;376;559;854;0;543;650;986;770;436;649;977;323;317;434;360;733;548;683;931;1023;460;683;827;625;1031;739;905;474;922;918;584;261;701;684;258;542;799;256;1001;502;397;382;654;429;809;588;431;72;725;207;767;685;552;580;346;937;541;898;790;694;524;688;290;358;854;762;480;948;145;952;860;638;296;789;455;436;582;345;928;156;280;801;454;710;713;849;243;832;837;823;225;595;523;494;492;358;902;508;422;796;795;529;392;636;915;495;1002;162;390;634;479;768;780;656;557;695;79;852;253;851;394;592;644;669;909;378;387;472;460;980;481;937;519;572;151;223;835;450;970;132;559;1020;495;745;511;496;902;447;182;848;322;570;660;318;443;775;243;552;551;958;254;985;143;178
40;184;753;718;295;694;680;660;872;560;175;412;787;706;158;558;650;564;322;375;823;286;753;837;574;360;728;238;930;650;722;442;396;1093;817;1193;382;653;125;1063;543;0;502;742;751;423;246;1006;603;551;887;881;922;886;656;755;1156;100;287;610;687;1192;848;949;793;1092;799;342;502;490;470;287;909;408;633;676;867;497;708;513;931;609;365;196;614;553;574;751;397;520;908;384;1027;541;557;810;599;82;604;517;702;651;860;286;971;468;777;540;208;826;724;938;731;808;718;719;396;711;856;954;783;850;860;782;555;783;825;364;270;195;167;504;228;724;673;775;465;677;489;160;961;972;441;705;702;880;385;496;781;465;830;212;767;516;792;756;806;525;295;650;504;643;822;609;243;91;663;66;760;446;182;393;320;548;385;633;439;761;1191;71;392;113;62;596;935;712;573;652;367;977;838;283;744;302;485;768;689;645;724;403;661
41;564;367;620;356;276;691;257;829;290;578;159;493;231;617;380;578;156;211;565;332;585;366;345;216;342;352;263;647;151;248;60;106;659;323;727;507;434;381;636;650;502;0;336;257;213;305;509;429;389;723;819;506;604;174;291;681;540;289;178;254;727;398;458;529;640;307;160;410;74;73;543;646;300;520;374;617;277;495;12;821;159;136;630;685;75;505;257;158;127;609;305;545;158;301;322;99;420;106;391;510;204;402;237;474;505;313;256;340;802;222;799;476;455;545;279;603;598;377;836;326;417;366;791;205;281;330;443;241;307;640;182;601;260;336;551;231;179;132;444;644;484;155;363;740;767;130;191;294;206;429;291;313;575;290;704;304;297;212;191;22;266;670;376;277;455;352;514;297;130;326;575;518;214;203;355;523;408;730;542;238;390;453;279;806;719;217;482;135;649;787;262;247;498;105;424;312;536;337;542;631
42;856;601;940;680;60;1024;514;1150;207;864;494;761;409;886;705;905;194;424;893;410;898;37;226;519;676;598;532;898;317;145;365;405;774;391;775;839;742;619;764;986;742;336;0;362;550;497;493;749;716;1019;1137;675;861;374;117;714;810;459;159;483;776;547;487;806;727;207;437;744;290;310;860;908;362;844;149;889;607;797;332;1127;177;422;910;1022;261;837;366;351;448;856;640;584;469;218;417;315;670;326;723;817;135;535;543;467;841;119;212;537;1126;298;1098;765;693;853;72;931;916;473;1139;490;585;412;1121;187;308;393;776;481;572;904;508;898;122;613;842;282;236;463;739;874;515;491;96;1074;1075;383;519;406;278;631;542;488;911;299;1028;323;623;463;420;316;100;973;689;573;727;137;777;114;467;563;905;842;194;537;179;859;656;788;801;354;648;713;159;1107;1051;169;798;435;871;1108;575;346;820;438;676;61;860;31;875;961
43;787;252;645;551;320;759;199;846;453;804;355;419;73;852;442;628;305;467;734;75;785;400;200;255;512;256;514;542;106;217;317;359;434;66;477;668;441;635;417;770;751;257;362;0;377;561;255;469;456;687;828;314;509;98;250;427;777;543;280;153;478;186;201;467;401;183;415;509;302;314;738;557;528;564;480;544;377;483;245;803;256;390;858;783;239;579;4;407;248;500;468;290;243;468;69;157;669;150;480;508;260;178;470;219;631;260;428;597;833;65;766;439;340;543;291;770;620;129;811;128;223;109;841;364;73;74;607;497;556;878;294;818;240;293;514;442;140;280;670;514;227;330;441;813;754;387;307;47;420;269;544;127;691;89;737;81;376;469;127;262;363;652;401;513;695;460;755;255;316;581;739;700;378;395;486;663;310;483;784;476;638;698;417;777;780;364;504;385;510;806;485;16;685;273;330;383;578;384;698;690
44;417;329;430;174;490;482;240;634;477;436;61;384;314;491;194;379;366;277;364;437;407;579;528;152;137;305;226;538;302;452;197;178;669;437;775;302;275;335;639;436;423;213;550;377;0;336;622;248;198;559;628;498;493;279;497;743;422;348;391;273;775;432;557;403;671;495;196;202;271;255;361;525;426;327;577;488;93;339;218;643;372;187;491;472;289;300;375;283;130;508;96;622;135;486;420;266;348;262;189;345;417;447;150;588;291;518;443;352;602;377;630;341;389;375;492;401;410;456;661;372;429;478;586;406;432;445;238;256;253;519;87;444;467;252;405;393;367;100;307;556;576;59;572;530;587;228;76;393;372;406;264;356;361;446;506;450;123;236;254;234;477;499;219;186;348;555;408;503;83;301;372;325;411;44;551;311;340;771;437;362;316;363;478;633;512;421;306;166;569;592;141;376;308;118;349;525;343;550;335;426
45;388;634;740;319;451;752;527;929;315;390;291;718;534;398;523;679;326;94;503;637;460;507;611;454;362;613;120;872;455;490;246;210;954;627;1031;475;610;128;928;649;246;305;497;561;336;0;811;577;523;887;930;792;827;477;520;986;324;42;373;539;1031;695;763;739;940;574;159;502;269;251;437;861;169;640;432;824;428;673;317;959;376;181;428;709;335;596;562;164;373;842;357;851;403;313;627;404;181;411;502;677;416;702;196;776;529;541;294;40;890;521;953;677;710;703;478;536;725;682;979;624;708;670;859;311;578;635;427;80;126;411;387;433;490;574;740;218;462;350;288;887;789;318;459;788;904;175;385;599;219;706;92;610;595;585;803;602;459;105;486;299;397;824;555;183;251;418;289;524;309;83;519;443;303;292;389;520;660;1033;310;145;169;227;350;954;784;328;633;195;898;890;225;551;419;334;672;442;655;478;508;711
