PARÂMETROS
300;12;20;35
COORDENADAS
0;985;974
1;935;136
2;246;901
3;305;213
4;638;533
5;448;41
6;832;177
7;239;778
8;26;336
9;685;94
10;253;417
11;438;787
12;76;391
13;784;855
14;926;24
15;226;930
16;865;130
17;7;572
18;536;305
19;231;582
20;990;859
21;80;498
22;150;379
23;478;4
24;777;183
25;972;789
26;871;875
27;984;146
28;281;879
29;463;662
30;270;866
31;398;15
32;58;932
33;844;952
34;258;719
35;866;699
36;502;596
37;766;412
38;715;818
39;931;482
40;215;950
41;771;438
42;102;657
43;671;406
44;433;926
45;955;858
46;71;327
47;865;58
48;719;488
49;215;164
50;973;712
51;362;235
52;686;453
53;191;244
54;774;71
55;420;908
56;663;437
57;211;841
58;316;476
59;607;494
60;982;337
61;177;337
62;607;495
63;18;975
64;864;768
65;988;209
66;528;61
67;586;137
68;738;482
69;432;322
70;54;574
71;347;908
72;389;406
73;262;301
74;136;727
75;471;100
76;524;845
77;653;979
78;498;100
79;9;35
80;151;657
81;743;119
82;416;681
83;815;921
84;302;215
85;93;422
86;524;901
87;656;771
88;85;699
89;36;184
90;991;711
91;628;347
92;621;955
93;432;139
94;798;554
95;543;982
96;290;163
97;781;504
98;418;106
99;416;360
100;505;412
101;589;866
102;5;392
103;178;895
104;231;278
105;588;378
106;596;874
107;925;496
108;256;471
109;900;99
110;881;935
111;894;658
112;501;15
113;562;104
114;70;658
115;344;868
116;255;995
117;422;404
118;634;983
119;29;303
120;784;230
121;618;178
122;275;363
123;580;158
124;906;472
125;880;69
126;149;948
127;861;325
128;143;196
129;686;198
130;780;695
131;255;790
132;567;557
133;702;733
134;9;159
135;821;101
136;934;186
137;740;83
138;79;728
139;757;698
140;67;736
141;103;394
142;162;904
143;347;882
144;384;70
145;556;111
146;188;900
147;455;302
148;256;653
149;432;726
150;335;27
151;718;20
152;373;817
153;850;943
154;322;770
155;966;623
156;601;648
157;440;468
158;56;421
159;691;67
160;222;359
161;613;246
162;215;855
163;975;348
164;782;370
165;381;993
166;583;128
167;701;266
168;830;362
169;672;776
170;495;728
171;636;650
172;754;969
173;676;504
174;582;92
175;670;869
176;595;556
177;461;974
178;261;584
179;527;230
180;886;496
181;483;640
182;861;731
183;188;552
184;890;896
185;711;405
186;318;430
187;657;673
188;402;677
189;827;77
190;555;47
191;311;39
192;808;697
193;43;769
194;740;91
195;496;446
196;994;887
197;786;329
198;84;88
199;617;386
200;168;437
201;320;489
202;179;349
203;141;603
204;506;103
205;559;546
206;655;801
207;18;591
208;383;214
209;990;425
210;931;5
211;87;256
212;413;73
213;654;820
214;125;742
215;52;385
216;740;10
217;455;768
218;372;702
219;193;324
220;121;276
221;914;475
222;323;366
223;692;725
224;736;304
225;554;943
226;242;558
227;247;355
228;959;131
229;137;859
230;681;829
231;546;640
232;49;394
233;627;179
234;476;253
235;797;373
236;492;815
237;871;324
238;845;103
239;792;651
240;564;505
241;785;228
242;810;188
243;712;936
244;858;509
245;497;29
246;72;510
247;600;215
248;532;307
249;408;110
250;175;82
251;82;163
252;883;325
253;466;936
254;393;631
255;744;471
256;586;723
257;396;634
258;360;294
259;904;339
260;662;384
261;940;436
262;967;758
263;205;448
264;537;397
265;331;373
266;429;58
267;143;341
268;829;119
269;626;419
270;227;31
271;795;576
272;448;96
273;589;196
274;50;24
275;753;64
276;350;872
277;599;760
278;581;824
279;790;698
280;70;839
281;567;499
282;976;950
283;249;313
284;43;435
285;637;751
286;286;694
287;187;621
288;51;463
289;218;345
290;23;57
291;444;268
292;453;85
293;980;368
294;592;639
295;160;854
296;793;206
297;935;865
298;860;41
299;871;968
DISTÂNCIAS
DE/PARA;0;1;2;3;4;5;6;7;8;9;10;11;12;13;14;15;16;17;18;19;20;21;22;23;24;25;26;27;28;29;30;31;32;33;34;35;36;37;38;39;40;41;42;43;44;45;46;47;48;49;50;51;52;53;54;55;56;57;58;59;60;61;62;63;64;65;66;67;68;69;70;71;72;73;74;75;76;77;78;79;80;81;82;83;84;85;86;87;88;89;90;91;92;93;94;95;96;97;98;99;100;101;102;103;104;105;106;107;108;109;110;111;112;113;114;115;116;117;118;119;120;121;122;123;124;125;126;127;128;129;130;131;132;133;134;135;136;137;138;139;140;141;142;143;144;145;146;147;148;149;150;151;152;153;154;155;156;157;158;159;160;161;162;163;164;165;166;167;168;169;170;171;172;173;174;175;176;177;178;179;180;181;182;183;184;185;186;187;188;189;190;191;192;193;194;195;196;197;198;199;200;201;202;203;204;205;206;207;208;209;210;211;212;213;214;215;216;217;218;219;220;221;222;223;224;225;226;227;228;229;230;231;232;233;234;235;236;237;238;239;240;241;242;243;244;245;246;247;248;249;250;251;252;253;254;255;256;257;258;259;260;261;262;263;264;265;266;267;268;269;270;271;272;273;274;275;276;277;278;279;280;281;282;283;284;285;286;287;288;289;290;291;292;293;294;295;296;297;298;299
0;0;839;742;1020;561;1076;811;771;1151;929;919;578;1079;233;951;760;852;1057;805;849;115;1022;1025;1094;817;185;150;828;710;608;723;1124;927;142;770;299;613;603;311;494;770;577;938;649;554;119;1119;923;554;1117;262;966;600;1078;927;568;626;785;834;610;637;1028;610;967;238;765;1020;927;550;854;1013;641;823;987;884;1013;478;332;1000;1354;892;888;640;178;1021;1048;466;386;941;1234;263;721;364;1001;459;442;1068;512;1036;837;739;410;1139;810;1026;716;401;481;885;879;111;328;1074;967;968;649;730;801;351;1167;770;876;936;910;508;911;836;660;1146;831;346;752;590;371;1271;888;789;924;938;357;948;1055;825;644;1085;963;800;855;796;606;1148;990;631;138;693;351;503;743;1081;953;979;817;779;626;637;604;936;762;631;370;548;476;231;562;969;332;571;524;822;873;488;602;272;901;122;631;860;445;654;910;1021;1152;328;964;916;719;87;675;1263;693;977;823;1019;921;994;603;372;1040;969;549;970;1149;1067;365;890;1103;994;568;670;1024;1110;504;898;384;714;432;851;963;843;855;336;551;1101;871;882;629;518;659;882;376;630;772;805;275;482;1063;1024;851;806;1038;1204;1213;656;520;684;557;471;680;923;640;672;539;216;940;730;888;1071;1053;869;660;1209;441;1029;872;1332;939;643;441;430;337;924;632;25;989;1085;413;752;872;1064;991;1329;889;1036;606;516;833;791;119;941;114
1;839;0;1029;634;495;496;110;946;930;253;737;819;896;734;112;1064;70;1025;433;833;725;928;821;475;164;654;741;50;989;706;987;550;1184;821;893;567;631;323;716;346;1086;343;982;377;936;722;884;104;412;720;577;581;403;751;173;928;405;1010;706;485;206;784;486;1242;635;90;413;349;398;536;983;970;609;692;993;465;819;888;438;931;941;192;752;794;637;889;868;693;1019;900;577;372;877;503;439;932;645;398;517;565;510;807;964;1071;718;423;812;360;757;50;800;523;450;374;1010;940;1095;578;898;921;177;319;697;355;337;86;1130;202;794;256;580;943;559;640;926;119;50;202;1040;589;1055;871;1089;949;554;379;1068;507;853;775;609;246;882;811;881;487;611;596;924;253;747;340;1017;215;279;1020;352;267;249;691;737;594;852;450;355;779;540;962;809;418;363;676;599;855;761;350;683;604;759;123;390;631;575;1093;200;537;753;243;852;404;823;709;785;921;430;556;721;1023;557;294;131;856;525;739;1011;917;232;793;798;765;825;339;653;637;260;892;811;722;24;1076;738;636;922;310;473;274;810;198;95;534;523;175;135;830;380;450;940;344;437;527;761;853;196;927;734;385;682;733;596;205;368;300;622;793;475;648;511;818;107;419;715;461;488;351;892;195;940;708;773;580;1114;516;815;708;940;683;855;891;942;746;915;508;484;236;608;1056;158;729;121;834
2;742;1029;0;690;537;883;931;123;606;918;484;223;537;539;1109;35;988;406;662;319;745;435;530;926;893;734;625;1055;41;322;42;898;190;600;182;652;398;713;476;802;57;699;283;652;188;710;600;1045;627;737;751;676;627;659;983;174;623;69;430;544;927;568;543;239;632;1014;886;836;646;608;379;101;515;600;205;832;283;414;839;897;261;926;278;569;688;502;278;430;258;747;768;672;378;784;652;307;739;666;813;567;553;344;563;68;623;624;351;790;430;1034;635;692;921;857;300;103;94;527;396;636;860;813;538;814;787;1046;107;842;712;829;572;111;470;485;778;985;992;955;240;549;243;526;84;102;842;848;58;634;248;255;878;999;152;605;151;771;435;474;516;945;542;750;55;915;754;163;843;781;794;443;303;463;512;585;876;425;490;227;317;727;757;352;638;353;644;679;476;470;272;1008;908;864;597;242;948;519;748;786;828;634;470;418;556;315;839;473;421;384;700;883;1127;664;844;415;199;551;1018;247;235;579;637;792;540;479;772;310;343;546;1049;116;440;397;543;816;687;763;260;850;997;600;507;862;909;467;726;907;427;771;659;807;822;756;858;222;307;657;383;306;617;865;663;835;735;454;581;534;862;569;975;613;870;637;829;784;898;978;107;380;343;580;186;514;731;588;508;418;210;286;479;556;872;663;841;907;434;98;884;689;1056;628
3;1020;634;690;0;461;223;528;568;304;398;210;589;290;801;649;721;566;466;248;376;941;363;227;271;472;881;870;682;666;475;653;218;760;914;508;742;430;502;730;681;742;517;488;413;724;915;260;581;497;102;833;61;450;118;490;704;422;634;263;412;688;178;413;814;787;683;269;291;509;167;439;696;210;97;541;200;668;841;223;345;469;447;480;872;3;297;722;659;533;270;847;349;806;146;599;804;52;557;155;184;282;712;349;693;98;327;722;681;262;605;923;738;278;279;503;656;783;223;837;290;479;314;152;280;654;592;751;567;162;381;676;579;432;654;300;528;629;454;562;662;574;271;705;670;163;270;696;174;442;528;188;455;607;911;557;777;526;288;324;412;167;309;648;683;502;783;290;399;545;672;548;548;879;471;302;750;449;776;373;222;646;462;759;358;899;449;217;579;474;539;300;174;698;614;451;301;963;494;253;356;262;276;185;423;229;418;684;474;78;717;659;222;176;700;558;305;480;574;493;157;194;662;154;641;440;771;350;153;659;667;721;490;313;323;175;517;630;576;551;654;390;480;505;829;627;265;377;295;245;145;184;228;588;740;427;509;582;430;97;612;395;673;857;255;296;162;198;206;532;381;198;609;184;284;317;472;660;621;670;685;668;387;996;114;343;632;481;424;356;158;322;149;195;692;513;657;488;906;581;943
4;561;495;537;461;0;527;405;468;642;441;402;323;579;353;584;572;462;632;249;409;479;559;511;552;376;420;413;519;497;217;496;570;703;466;423;282;149;176;295;297;593;163;550;131;443;453;603;526;92;561;379;406;93;532;481;433;99;526;327;49;395;500;49;761;326;476;484;399;112;294;585;474;279;441;538;464;332;446;455;802;502;427;266;426;462;556;385;238;577;695;395;186;422;444;161;458;507;145;480;281;179;336;648;585;480;162;343;289;386;506;469;284;535;435;581;445;600;251;450;650;336;355;400;379;274;523;641;304;598;338;215;461;74;209;731;469;456;461;592;203;606;552;603;454;528;429;580;294;400;282;589;519;388;461;395;340;120;208;592;469;450;288;531;384;217;526;408;274;257;245;241;117;451;47;444;337;48;475;380;322;250;188;298;450;441;147;336;141;276;493;493;592;236;640;453;166;502;252;710;148;479;321;494;501;449;80;268;622;408;368;603;616;512;287;553;604;532;297;315;491;577;282;356;199;249;418;396;429;514;597;299;141;605;354;323;225;317;313;477;194;79;338;385;409;221;523;566;320;249;481;646;667;321;438;263;122;196;262;366;329;150;317;398;441;169;346;518;530;455;114;648;162;476;340;777;482;444;230;296;224;645;78;536;446;603;218;387;459;591;460;777;328;484;379;115;575;361;445;539;493
5;1076;496;883;223;527;0;407;766;514;242;423;746;510;880;478;916;426;690;278;582;981;586;450;47;358;913;935;546;854;621;843;56;972;993;704;779;557;488;821;654;938;511;706;427;885;961;473;417;522;263;851;212;475;327;327;867;450;834;454;480;610;401;481;1028;837;565;82;168;527;281;662;872;369;319;753;63;807;960;77;439;683;305;640;953;227;520;863;759;751;436;862;355;930;99;621;945;199;570;71;320;375;836;565;895;321;364;846;659;470;455;993;761;59;130;723;833;973;363;960;494;385;218;365;176;628;432;955;501;342;285;733;773;529;737;454;377;507;295;779;726;792;493;909;847;70;128;897;261;641;685;113;270;779;987;739;779;625;427;545;244;390;263;846;609;468;954;160;338;498;768;688;637;977;516;143;857;535;933;574;204;631;600;804;573;962;449;410;665;637;380;107;137;748;833;296;407;1006;444;367;384;484;465;408;640;84;517;787;698;184;664;484;420;47;805;771;524;293;727;665;380;402;636;348;726;390;908;556;372;518;875;821;606;532;226;213;481;775;508;401;700;478;385;390;933;622;50;601;231;278;79;276;385;519;895;592;522;695;595;267;544;404;630;885;474;366;352;25;427;388;417;221;637;55;209;398;305;836;734;794;740;882;473;1051;337;565;734;672;636;579;381;425;227;44;624;615;862;382;957;412;1018
6;811;110;931;528;405;407;0;844;821;168;626;726;785;679;179;966;57;914;322;724;700;817;711;394;55;627;699;155;892;609;889;463;1081;775;789;523;533;244;651;320;989;268;873;279;848;692;775;123;330;617;553;473;312;644;120;839;310;909;596;388;219;674;389;1139;591;159;325;249;319;425;873;877;498;583;887;369;735;821;342;835;833;106;653;744;531;778;786;619;911;796;557;265;806;401;378;855;542;330;420;454;402;730;854;971;609;316;735;332;646;103;759;484;368;279;901;845;1001;468;829;812;71;214;587;252;304;118;1030;150;689;147;520;841;463;570;823;76;102;131;933;526;947;760;988;855;460;283;968;397;747;679;519;194;787;766;782;465;524;488;813;178;636;229;916;222;199;932;253;158;185;620;645;512;795;362;264;710;447;879;701;309;323;579;554;745;721;258;572;525;659;100;305;538;520;986;125;430;728;158;753;299;713;599;675;811;334;459;648;913;450;294;198;749;431;667;905;807;190;701;698;655;717;309;542;565;159;814;702;611;135;973;669;544;812;205;364;199;722;152;75;475;423;69;24;768;333;366;829;235;326;429;663;750;156;842;631;306;598;631;486;177;267;280;596;683;368;537;420;708;58;317;622;400;392;243;796;137;845;627;693;522;1009;417;786;598;830;606;751;783;831;636;817;398;390;241;520;953;48;695;138;791
7;771;946;123;568;468;766;844;0;490;816;361;199;419;550;1020;152;900;310;558;196;755;321;408;810;802;733;639;976;109;252;93;779;237;629;61;631;319;641;477;752;173;631;182;570;244;720;481;954;560;614;736;556;552;536;886;222;544;68;311;464;864;445;464;296;625;940;773;728;580;495;275;169;401;477;114;716;292;460;725;777;149;829;201;593;566;384;310;417;173;627;754;580;421;667;602;366;617;607;695;453;452;360;451;131;500;530;369;741;307;947;660;665;806;747;207;138;217;416;445;519;772;709;416;707;733;955;192;769;589;732;547;20;395;465;660;892;912;856;167;524;177;407;147;149;722;738;132;522;126;199;757;896;139;632;83;743;384;369;401;842;419;650;80;852;679;257;735;689;722;433;260;417;549;515;766;440;419;296;195;619;705;280;623;231;661;601;356;430;191;914;796;742;574;196;850;419;762;707;707;544;348;300;433;200;725;395;416;289;582;829;1037;543;726;417;119;435;916;216;153;456;515;739;420;456;686;355;220;423;967;130;444;336;428;713;576;689;255;778;907;567;424;774;821;498;674;792;315;668;554;689;698;634;787;276;212;590;351;213;498;796;578;779;728;331;483;415;744;447;884;527;747;591;713;679;777;879;145;360;345;556;179;430;756;465;395;398;96;165;366;433;752;549;725;846;379;109;796;701;963;659
8;1151;930;606;304;642;514;821;490;0;702;241;610;74;918;952;626;863;236;510;320;1096;170;131;560;766;1048;1002;976;599;545;583;491;596;1024;447;915;542;743;840;916;642;751;329;648;716;1065;45;883;709;255;1018;350;670;188;793;694;644;537;322;602;956;151;602;639;942;970;572;594;726;406;239;655;369;238;406;503;712;898;527;301;344;749;520;982;301;109;753;765;367;152;1035;602;858;451;802;827;315;773;454;390;484;773;59;579;213;563;783;913;266;905;1043;925;573;584;324;619;697;401;887;33;765;612;250;581;890;894;624;835;182;674;835;508;584;783;177;829;920;757;395;815;402;96;584;633;446;575;586;430;391;562;436;760;593;1023;525;982;654;434;90;717;197;593;552;949;756;746;594;678;804;781;611;686;964;671;607;835;610;772;341;512;874;548;923;270;1029;688;306;715;507;841;602;411;861;433;754;482;1113;760;254;593;174;331;153;290;533;572;782;255;377;968;963;100;467;792;417;55;784;608;503;167;112;898;298;771;710;804;309;221;955;534;819;602;62;621;457;771;668;845;851;828;563;766;797;911;849;562;179;586;506;443;294;181;857;744;470;730;680;475;336;878;637;919;1031;211;514;307;489;117;831;605;365;805;485;580;312;776;626;712;739;845;504;565;1131;224;100;738;442;327;129;192;279;423;495;954;642;535;777;1051;884;1055
9;929;253;918;398;441;242;168;816;702;0;539;735;677;767;250;953;183;829;258;666;823;727;606;225;128;751;802;303;882;609;876;297;1046;872;756;631;534;328;724;459;976;354;810;312;869;810;656;183;395;475;681;352;359;516;91;856;343;884;531;407;383;563;408;1105;697;324;160;107;391;340;792;881;430;470;837;214;768;885;187;678;775;63;645;837;401;676;822;677;852;655;688;259;863;256;473;899;400;421;267;378;365;777;742;947;489;300;785;468;571;215;863;601;200;123;834;845;998;406;890;688;168;107;490;122;437;196;1008;290;551;104;608;818;477;639;679;136;265;56;877;608;891;654;964;857;301;130;946;310;704;680;356;81;787;864;767;599;560;447;708;27;533;168;894;385;292;949;107;172;304;682;661;558;877;410;103;775;470;908;647;208;449;582;660;675;827;312;497;579;648;143;138;378;615;931;55;399;851;255;601;299;620;537;566;744;179;469;707;831;324;450;261;619;272;726;856;696;100;712;683;543;592;444;452;631;216;859;641;509;276;941;735;563;703;102;262;300;746;295;160;567;428;167;156;842;449;198;740;147;262;277;510;606;304;870;611;381;636;612;381;328;290;426;721;596;337;450;258;595;146;330;462;494;237;140;638;74;847;671;737;613;966;421;904;487;726;658;720;725;733;530;663;297;232;402;552;923;155;810;182;893
10;919;737;484;210;402;423;626;361;241;539;0;413;178;688;779;513;675;290;304;166;859;191;109;470;573;809;769;779;462;322;449;427;550;797;302;674;306;513;611;681;534;518;283;418;539;829;203;709;471;255;778;212;434;183;625;518;410;426;86;362;733;110;362;605;704;763;449;435;489;202;253;499;136;116;331;384;506;689;400;453;260;573;310;754;207;160;554;536;328;318;794;381;651;330;561;635;256;535;352;172;252;560;249;483;140;337;571;676;54;720;814;684;472;439;302;460;578;169;682;251;562;436;58;417;655;717;541;614;246;485;595;373;343;549;355;649;719;590;356;577;369;151;495;474;370;430;487;232;236;357;398;611;417;795;359;742;417;193;197;560;65;398;439;725;531;590;438;472;579;551;394;448;745;431;462;614;369;594;167;331;637;320;684;149;797;458;66;478;299;667;477;382;621;409;586;244;877;540;369;365;87;98;100;217;403;332;555;292;241;737;793;231;379;568;349;203;634;404;308;110;193;663;86;536;496;606;141;62;761;456;594;368;205;443;276;545;464;624;670;587;323;564;602;692;611;458;203;401;299;343;343;306;636;561;255;493;452;259;163;655;410;687;791;57;284;89;399;133;648;373;386;564;375;402;442;612;465;487;522;606;459;324;898;104;210;508;278;214;207;80;427;242;387;728;405;446;579;815;714;827
11;578;819;223;589;323;746;726;199;610;735;413;0;536;352;905;255;783;481;491;291;556;460;499;784;692;534;441;842;181;127;185;773;406;438;192;436;201;498;278;579;276;482;360;446;139;521;588;844;410;661;540;557;416;596;790;122;416;233;334;338;706;520;337;460;426;797;731;666;427;465;439;151;384;516;307;687;103;288;689;865;315;734;108;400;587;502;142;218;363;724;558;479;248;648;428;221;641;444;681;427;380;170;586;281;549;435;180;567;364;828;467;473;774;694;389;124;277;383;277;633;655;635;454;644;564;843;330;626;660;639;354;183;263;269;760;785;779;766;363;331;374;516;299;131;719;686;274;485;226;61;766;816;71;440;117;552;214;319;529;763;479;568;233;693;540;213;674;583;578;234;82;240;364;369;709;246;279;188;269;564;534;153;426;343;464;469;376;246;115;809;749;758;380;395;758;345;564;575;783;439;442;320;508;349;687;269;217;463;575;660;924;636;714;218;316;557;833;25;107;523;601;569;436;261;567;194;301;472;837;309;246;182;552;636;535;547;60;633;795;379;308;657;705;311;503;760;459;594;489;677;752;718;641;151;162;439;161;158;499;646;461;612;529;411;402;427;729;534;774;413;784;414;691;609;855;788;122;163;147;363;371;315;562;510;529;202;178;300;504;493;839;519;702;685;213;285;680;503;857;469
12;1079;896;537;290;579;510;785;419;74;677;178;536;0;846;925;559;831;193;467;245;1026;107;74;558;731;980;930;940;529;472;513;495;541;951;375;847;472;690;768;859;576;696;267;595;643;995;64;856;650;266;952;325;613;186;767;620;588;469;254;540;907;114;541;586;873;929;559;569;668;362;184;583;313;206;341;490;637;823;512;362;276;720;446;909;286;35;678;693;308;210;969;553;784;436;740;753;312;713;445;341;429;699;71;514;191;512;709;855;196;874;971;860;567;564;267;547;629;346;813;99;726;582;200;555;833;866;561;787;206;639;766;437;518;713;241;799;882;731;337;747;345;27;520;560;444;555;521;389;317;488;446;741;519;950;451;919;584;372;36;695;149;556;484;900;706;674;571;637;754;709;537;616;890;610;587;762;544;698;267;478;816;477;855;196;957;635;245;645;433;814;589;423;793;379;728;423;1043;712;303;541;102;262;111;221;517;507;709;208;354;914;938;135;463;719;354;24;765;534;429;134;123;842;248;700;665;730;235;174;920;471;746;531;27;590;423;721;593;797;821;761;501;727;761;837;790;555;119;552;463;434;324;228;809;670;397;672;608;401;300;829;586;865;963;141;461;255;485;83;800;550;390;742;474;548;367;751;553;640;665;777;448;502;1059;189;55;666;368;255;76;149;338;388;485;904;572;470;740;981;858;982
13;233;734;539;801;353;880;679;550;918;767;688;352;846;0;843;563;729;826;603;616;206;789;792;904;672;199;89;736;503;374;514;924;730;114;543;176;382;443;78;400;576;417;710;463;358;171;887;801;372;895;237;749;413;851;784;367;435;573;602;402;554;797;401;775;118;677;834;744;375;638;782;440;598;761;660;817;260;180;807;1128;663;737;407;72;801;815;264;153;716;1004;252;531;191;797;301;272;850;351;833;616;523;195;906;607;799;515;188;385;652;764;125;225;886;783;740;440;547;578;197;935;625;697;707;726;401;791;641;535;919;664;160;532;368;146;1041;754;685;773;716;159;726;822;623;437;881;778;597;643;565;374;941;837;412;110;469;294;276;517;847;793;749;632;569;541;485;425;754;594;495;137;315;252;117;367;789;114;353;344;589;675;373;369;145;668;113;455;630;221;421;779;839;943;159;745;765;500;212;526;1038;497;744;590;788;690;801;382;139;810;756;476;862;919;865;134;668;869;846;340;439;794;880;401;672;159;553;246;618;733;744;647;106;320;867;693;676;482;294;538;754;204;413;627;667;108;353;874;791;665;603;834;984;985;539;328;450;386;237;446;703;529;486;447;207;707;520;661;872;821;737;463;994;279;830;687;1108;791;434;207;205;157;714;416;214;761;851;180;523;641;831;761;1102;678;838;524;288;624;649;151;817;142
14;951;112;1109;649;584;478;179;1020;952;250;779;905;925;843;0;1144;122;1069;480;891;837;969;853;448;217;766;852;135;1071;788;1067;528;1256;931;963;677;712;419;821;458;1167;442;1039;459;1027;834;907;69;508;724;689;602;491;767;159;1018;489;1085;759;568;317;811;568;1314;746;195;399;358;495;576;1030;1056;659;719;1057;461;914;993;434;917;1000;206;831;903;652;923;964;794;1078;904;690;439;979;507;545;1031;651;501;514;610;572;906;991;1148;739;489;911;472;805;79;912;634;425;372;1065;1025;1180;631;1002;939;250;344;733;371;448;64;1207;307;801;296;686;1018;642;743;926;130;162;195;1101;694;1115;902;1165;1035;543;380;1145;546;918;858;591;208;966;922;959;600;703;658;956;238;779;383;1093;327;374;1111;358;330;351;793;825;689;960;541;350;882;626;1057;869;449;473;758;709;907;872;437;731;702;837;112;371;615;683;1155;197;602;865;335;844;475;863;763;814;975;427;638;822;1070;575;406;19;870;515;841;1075;945;186;880;875;792;843;451;693;739;338;991;867;755;111;1148;841;723;951;336;504;372;902;305;113;641;602;247;200;936;489;429;982;377;485;525;753;855;304;1021;807;482;777;808;627;315;446;412;735;836;538;689;498;844;135;496;699;567;483;378;876;177;1025;805;871;687;1181;595;927;736;973;782;926;950;978;777;903;540;476;348;699;1129;225;841;68;945
15;760;1064;35;721;572;916;966;152;626;953;513;255;559;563;1144;0;1023;419;697;348;767;456;556;959;928;759;647;1090;75;357;77;931;168;618;213;680;433;748;501;835;22;734;299;687;207;732;622;1081;662;766;778;708;662;686;1018;195;658;90;462;579;960;595;578;212;658;1049;919;870;680;641;395;122;548;630;222;865;309;429;873;920;283;961;313;589;719;525;299;458;270;769;795;708;395;817;684;321;769;699;846;600;588;368;581;59;652;660;374;822;459;1069;655;721;955;891;313;133;71;561;411;657;895;848;569;849;819;1081;79;877;738;864;601;142;505;515;800;1020;1027;990;249;579;250;549;69;130;874;882;48;668;278;289;909;1034;185;624;186;801;469;509;536;980;571;785;75;948;789;167;877;816;829;471;336;496;529;619;910;448;525;239;347;761;789;387;665;379;664;714;508;501;308;1043;942;895;626;243;983;554;769;821;853;669;496;450;582;337;873;508;447;397;733;915;1163;688;877;441;213;572;1053;280;270;606;662;824;572;509;807;328;372;575;1084;113;466;431;564;851;721;797;289;885;1033;631;543;897;944;486;759;940;447;806;694;839;849;780;893;240;342;692;415;341;649;899;698;868;760;482;617;566;895;594;1010;648;899;670;863;818;922;1013;136;409;370;609;180;549;750;617;527;448;243;311;498;585;896;696;874;940;467;100;919;711;1091;646
16;852;70;988;566;462;426;57;900;863;183;675;783;831;729;122;1023;0;965;372;778;739;866;757;406;102;667;745;120;949;666;946;480;1137;822;845;569;590;298;704;358;1046;322;927;337;905;733;818;72;386;650;591;513;369;683;108;896;367;966;648;446;237;718;446;1196;638;146;343;279;374;473;924;934;550;626;942;395;792;875;368;861;887;122;710;792;569;825;843;674;965;830;594;321;860;433;429;910;575;383;447;504;457;786;899;1028;651;371;791;370;697;46;805;528;381;304;954;903;1058;520;883;853;128;251;634;286;344;62;1087;195;725;191;571;898;520;624;856;52;88;133;987;578;1002;806;1045;913;484;309;1025;444;802;736;539;183;845;813;839;503;581;543;859;185;682;277;973;244;253;989;282;213;234;674;703;568;846;419;285;764;504;935;755;352;366;637;601;797;766;315;623;581;716;65;320;561;569;1041;130;485;767;214;782;356;761;652;720;864;360;516;703;964;489;320;141;788;455;721;960;852;173;758;755;699;758;348;591;619;216;870;755;657;94;1030;722;601;857;242;407;252;779;194;33;526;480;126;79;820;379;381;879;278;377;457;691;783;195;899;688;361;655;688;530;212;325;315;636;732;422;586;441;752;37;375;645;451;418;283;821;130;903;683;749;572;1065;474;827;642;876;661;808;837;879;681;845;443;414;264;577;1010;104;738;89;838
17;1057;1025;406;466;632;690;914;310;236;829;290;481;193;826;1069;419;965;0;592;224;1024;103;240;737;862;989;915;1065;411;464;394;680;363;919;290;868;495;775;749;928;431;775;127;684;553;990;253;1000;716;457;976;489;689;376;916;532;669;337;323;605;1002;290;604;403;879;1046;729;724;736;493;47;478;416;372;201;661;584;763;681;537;167;864;423;880;463;172;612;678;149;389;993;660;723;606;791;674;497;776;621;460;523;652;180;365;369;612;661;921;268;1010;946;891;744;725;106;448;490;447;749;269;848;727;339;706;904;1007;401;889;399;775;782;330;560;713;413;940;1004;881;171;760;174;202;366;460;627;716;374;523;261;452;636;900;440;921;372;960;598;445;158;850;302;688;351;993;800;563;727;758;849;695;512;633;845;672;749;726;588;606;254;622;882;480;868;182;940;723;341;657;408;957;758;613;810;200;876;504;1036;816;490;637;210;323;281;137;684;552;687;21;519;993;1084;325;643;692;206;192;923;488;387;310;317;912;377;701;776;660;235;323;1049;315;721;543;182;734;567;814;542;898;960;788;561;850;890;793;853;731;89;692;588;611;518;415;910;585;390;743;598;393;449;926;681;942;977;233;558;380;665;268;938;637;584;788;648;692;549;902;455;621;626;793;274;564;1040;354;141;654;304;186;117;309;515;532;660;994;588;320;867;973;1004;950
18;805;433;662;248;249;278;322;558;510;258;304;491;467;603;480;697;372;592;0;412;716;495;393;306;270;651;661;475;628;364;620;321;788;716;498;513;292;253;543;432;720;270;558;168;629;693;465;411;258;350;597;187;210;350;333;614;183;626;278;201;447;360;202;846;567;462;244;175;268;105;551;631;178;274;581;215;540;684;208;592;521;278;394;676;250;458;596;481;598;514;609;101;655;195;361;677;284;315;231;132;111;563;538;690;306;89;572;433;325;418;718;502;292;202;584;594;745;150;685;507;259;151;267;153;405;417;750;325;407;184;460;560;253;459;546;350;415;301;622;450;636;442;706;607;279;195;689;81;446;433;343;338;537;711;511;534;349;189;493;284;318;97;636;441;254;705;183;169;299;490;424;359;698;243;217;579;257;673;391;75;398;339;535;426;688;201;251;387;395;369;258;348;477;677;295;146;740;251;501;114;390;283;359;494;204;242;510;591;178;469;496;451;262;528;599;490;358;470;429;343;416;414;221;448;200;638;387;293;457;682;543;335;495;155;79;269;511;335;369;430;201;260;297;655;381;278;507;110;4;233;424;475;347;634;355;266;420;357;176;369;148;424;625;360;92;215;269;394;347;145;412;374;226;121;561;324;596;459;520;467;708;196;780;287;509;457;462;470;510;320;569;99;235;448;338;665;275;687;417;742
19;849;833;319;376;409;582;724;196;320;666;166;291;245;616;891;348;778;224;412;0;807;172;218;628;676;769;703;870;301;245;286;591;390;716;139;645;271;561;538;707;368;558;149;473;398;774;301;822;496;418;753;370;472;340;745;376;455;259;135;386;789;250;385;447;659;843;599;569;516;328;177;346;236;282;173;538;393;579;551;590;109;690;209;675;373;211;433;465;187;443;770;461;539;486;567;507;423;555;511;288;322;456;295;317;304;411;467;699;113;825;739;667;628;581;178;307;413;261;568;344;655;559;223;549;683;827;375;680;395;595;560;209;336;494;477;761;806;712;210;538;224;227;329;321;534;572;320;358;75;247;564;743;274;716;208;736;375;238;237;690;223;508;273;779;590;437;574;566;638;481;301;410;650;451;602;524;364;454;30;459;660;258;647;52;729;511;175;435;195;781;625;548;588;265;707;297;821;609;515;432;158;128;238;92;552;329;477;213;398;775;907;356;540;485;191;266;765;291;185;260;325;691;234;482;576;484;26;227;856;292;513;320;261;565;410;603;349;690;778;565;341;657;700;597;631;613;174;520;407;504;503;444;700;424;169;524;381;173;315;715;474;723;756;136;357;231;560;256;756;427;551;564;532;526;586;735;313;408;425;570;303;346;830;269;238;439;124;58;215;237;564;379;544;778;365;281;676;758;829;747
20;115;725;745;941;479;981;700;755;1096;823;859;556;1026;206;837;767;739;1024;716;807;0;978;967;996;708;72;120;713;709;562;720;1030;934;173;745;202;554;499;278;381;780;474;910;554;561;35;1061;810;459;1040;147;885;507;1008;817;572;533;779;775;529;522;966;528;978;155;650;922;827;453;774;978;644;752;917;864;919;466;357;904;1281;862;780;600;185;942;997;467;345;919;1168;148;627;381;910;360;463;987;411;945;760;659;401;1090;812;955;626;394;368;830;765;132;222;975;867;941;646;747;727;376;1110;661;775;870;812;396;797;845;549;1075;727;266;738;519;314;1205;776;675;815;920;283;931;1001;829;643;994;864;803;772;762;573;1058;881;618;163;673;237;442;674;1031;846;916;719;775;511;531;623;836;659;522;328;512;411;260;473;868;320;497;541;779;781;377;552;181;858;106;532;797;381;615;798;921;1064;243;951;807;643;28;567;1189;602;923;765;958;886;897;532;339;1008;885;434;856;1085;975;338;872;1050;885;542;637;959;1046;391;829;326;610;444;806;897;728;853;310;495;1049;770;794;522;499;548;769;287;553;663;694;288;374;965;982;752;717;948;1126;1144;544;529;639;459;426;635;846;527;577;425;103;886;647;818;977;992;757;571;1125;343;935;774;1257;829;640;403;410;256;920;555;92;920;1037;369;723;837;1019;927;1256;804;942;491;454;830;682;55;828;161
21;1022;928;435;363;559;586;817;321;170;727;191;460;107;789;969;456;866;103;495;172;978;0;138;634;764;938;876;970;430;416;414;578;434;888;283;811;433;691;711;851;471;693;160;598;554;946;171;899;639;360;918;385;607;277;814;532;586;367;237;527;916;187;527;481;829;952;625;621;658;393;80;489;322;268;235;557;563;748;577;468;174;763;382;848;359;77;599;637;201;317;935;568;708;502;720;669;395;701;517;363;433;628;129;408;266;521;638;845;178;911;912;829;640;622;160;454;526;354;736;201;753;625;237;604;826;907;455;799;308;676;727;340;490;664;346;840;909;779;230;705;238;106;414;467;524;613;416;423;234;419;535;797;433;889;364;894;542;361;80;747;198;589;381;907;713;579;624;662;762;654;474;576;822;596;645;696;518;609;200;521;806;427;815;120;902;637;247;602;368;857;655;513;754;273;775;419;993;725;410;548;107;240;178;121;580;481;649;111;415;912;983;242;539;658;248;116;820;462;356;207;225;834;276;652;684;650;172;219;952;365;686;487;108;633;465;727;519;809;860;728;484;754;793;768;778;627;14;592;490;508;426;335;821;583;340;664;553;344;346;839;593;862;924;134;468;280;561;169;839;551;489;719;545;591;474;800;461;581;597;737;341;487;1003;250;73;611;284;163;45;206;444;430;556;909;531;364;770;930;904;920
22;1025;821;530;227;511;450;711;408;131;606;109;499;74;792;853;556;757;240;393;218;967;138;0;498;656;918;875;865;516;421;501;440;560;899;356;784;413;616;715;787;574;623;282;521;615;936;94;783;579;224;887;256;541;141;695;593;516;466;192;471;833;49;471;610;813;855;493;498;596;287;217;564;240;136;348;425;597;782;446;371;278;647;402;857;223;71;642;640;326;225;904;479;744;370;671;719;257;643;382;266;356;655;145;516;129;438;666;783;140;800;918;794;505;495;290;526;624;273;773;142;651;509;126;483;761;793;569;713;183;565;704;424;453;655;261;726;807;660;356;685;366;49;525;540;387;486;522;314;293;447;397;671;491;898;427;851;525;303;102;624;74;481;480;825;632;656;500;562;680;655;490;556;844;540;518;714;478;671;233;405;745;423;793;177;902;561;175;586;390;741;523;376;730;404;656;352;985;637;298;467;60;202;41;224;450;441;658;249;285;841;865;138;403;669;363;98;695;494;391;69;107;770;173;643;590;693;201;99;846;480;696;474;102;517;349;647;554;723;747;697;432;652;687;791;719;492;152;478;388;372;298;226;734;640;350;601;555;354;226;755;512;792;900;88;387;181;425;38;727;477;356;674;410;475;368;680;532;588;619;715;466;433;1004;118;120;612;343;244;129;76;346;314;422;830;512;475;665;923;786;931
23;1094;475;926;271;552;47;394;810;560;225;470;784;558;904;448;959;406;737;306;628;996;634;498;0;348;927;955;525;896;658;886;80;1018;1016;748;795;592;499;847;658;981;523;753;445;923;978;519;390;540;307;863;258;494;374;303;905;470;878;499;506;604;448;507;1074;855;549;75;171;544;321;710;913;411;367;799;96;842;990;98;470;730;288;679;976;274;568;898;787;798;477;873;374;961;142;636;980;246;584;118;361;408;869;611;940;368;389;877;664;517;432;1014;775;25;130;770;874;1015;403;991;539;380;223;412;184;634;407;999;499;386;284;754;817;560;762;493;356;490;273;826;747;839;541;953;887;114;132;941;298;685;723;144;240;819;1010;781;788;655;465;593;222;437;277;890;604;475;993;162;344;502;796;724;665;1003;537;136;886;564;970;619;231;639;636;821;620;982;463;455;692;677;356;88;170;767;880;276;442;1022;447;402;406;532;510;456;687;102;548;816;745;230;662;453;465;94;834;818;571;262;764;706;428;448;641;393;752;395;942;602;420;497;920;849;639;579;229;249;487;811;506;380;719;508;380;379;960;632;31;648;243;307;127;312;426;516;932;632;537;727;635;313;541;422;632;898;521;397;397;72;475;369;440;252;653;96;221;428;281;877;765;826;760;929;502;1069;384;612;763;716;682;626;428;458;266;84;620;645;907;374;974;383;1041
24;817;164;893;472;376;358;55;802;766;128;573;692;731;672;217;928;102;862;270;676;708;764;656;348;0;636;698;210;854;572;850;414;1038;771;746;523;496;229;638;336;950;255;824;246;818;698;720;152;310;562;564;418;284;589;112;808;278;867;546;354;256;619;355;1096;591;212;277;196;301;371;821;842;447;528;840;317;708;805;291;782;785;72;615;738;476;724;761;600;863;741;569;221;787;347;371;832;487;321;367;402;355;708;799;930;554;271;714;346;595;148;759;489;323;229;851;810;965;418;812;757;47;159;533;198;316;153;989;164;634;92;512;800;428;555;768;93;157;106;885;515;899;706;947;820;408;232;927;343;701;643;468;173;751;763;742;478;497;441;759;144;582;175;876;257;187;901;201;112;186;602;613;487;786;336;215;694;415;851;653;254;331;543;554;695;721;231;521;504;620;117;260;487;514;939;99;384;736;146;699;258;659;549;620;762;282;423;629;861;395;322;235;693;380;648;858;752;176;667;658;600;662;322;489;548;127;792;653;557;189;930;653;512;757;150;309;191;693;169;104;468;386;45;33;755;335;319;777;179;274;376;610;695;177;814;590;289;572;590;431;201;231;300;605;630;321;484;369;653;82;280;570;393;340;188;744;121;810;603;670;515;964;379;792;543;776;584;708;734;778;582;764;343;338;274;492;911;28;700;164;790
25;185;654;734;881;420;913;627;733;1048;751;809;534;980;199;766;759;667;989;651;769;72;938;918;927;636;0;132;643;696;524;706;963;925;207;717;139;508;429;258;309;773;404;879;487;556;71;1012;738;393;981;77;824;441;952;744;564;468;762;726;469;452;914;468;971;110;580;852;757;386;713;942;636;697;861;838;851;451;371;836;1223;831;708;566;205;882;952;461;316;891;1114;80;560;388;845;292;470;925;343;879;702;600;390;1045;801;900;562;385;296;783;693;172;152;906;798;911;632;746;671;389;1060;589;706;816;742;323;725;838;477;1019;656;213;717;466;275;1150;704;604;743;895;233;906;954;818;631;928;795;791;710;728;543;993;809;599;196;650;166;396;621;987;774;864;650;759;441;460;625;766;589;449;300;480;363;282;410;798;312;443;543;739;714;305;511;125;819;134;464;746;335;580;726;851;999;188;929;735;586;100;496;1131;537;877;717;906;851;829;479;317;974;823;364;785;1033;908;319;848;1004;812;517;606;907;993;319;774;287;539;445;765;844;658;837;293;451;1003;700;730;451;480;475;697;226;497;591;622;298;302;896;942;684;652;882;1065;1088;472;526;600;391;391;596;787;455;510;354;31;839;585;764;910;942;685;506;1062;276;868;705;1198;757;627;374;392;203;903;498;161;865;994;337;692;802;976;875;1198;741;874;421;408;814;609;84;756;205
26;150;741;625;870;413;935;699;639;1002;802;769;441;930;89;852;647;745;915;661;703;120;876;875;955;698;132;0;737;590;460;601;981;814;81;632;176;462;474;166;397;660;448;799;509;440;85;969;817;415;967;192;817;460;927;809;452;484;660;683;463;549;878;462;858;107;676;883;791;414;706;870;525;672;836;749;872;348;241;860;1203;752;766;494;72;871;900;347;238;805;1083;203;581;262;856;329;345;918;381;892;687;590;282;991;693;875;571;275;382;735;776;60;218;936;830;829;527;627;650;260;1017;650;741;785;773;404;806;725;550;995;701;201;621;439;220;1120;775;691;802;805;210;815;906;709;524;940;826;683;708;653;463;1003;868;501;71;558;269;352;592;932;827;829;679;656;537;512;504;800;632;514;222;403;325;150;419;834;201;421;421;675;731;379;453;144;755;28;496;709;294;509;799;886;1006;188;834;794;569;123;552;1112;551;828;672;869;779;853;453;228;899;821;465;872;998;923;223;757;954;874;429;528;873;959;402;747;233;586;324;704;812;749;734;195;401;952;737;736;507;383;551;772;237;480;652;689;170;366;924;878;713;661;894;1055;1062;550;409;536;423;323;532;773;537;533;444;151;791;583;737;928;902;757;517;1061;308;886;735;1182;819;521;295;294;194;801;483;129;838;937;264;612;729;917;841;1178;742;893;518;365;711;673;64;834;93
27;828;50;1055;682;519;546;155;976;976;303;779;842;940;736;135;1090;120;1065;475;870;713;970;865;525;210;643;737;0;1015;733;1014;600;1214;818;924;565;659;343;723;340;1112;361;1019;406;954;712;930;148;432;769;566;628;427;799;222;948;433;1039;745;513;191;829;513;1272;633;63;463;398;416;579;1023;993;649;738;1027;515;836;896;488;981;977;242;780;793;685;932;884;705;1055;948;565;408;886;552;448;945;694;411;567;606;547;821;1009;1100;764;458;824;354;797;96;795;519;500;424;1047;964;1119;618;907;967;216;367;741;404;335;129;1157;217;842;302;585;972;585;651;975;169;64;252;1075;596;1090;915;1118;973;604;429;1096;551;887;800;659;294;907;808;909;477;631;632;967;303;791;384;1045;202;301;1039;401;307;265;703;760;612;854;472;405;788;565;979;845;464;363;703;597;893;755;376;724;620;787;171;440;681;578;1128;250;572;741;269;901;438;866;747;830;958;479;583;732;1063;604;279;150;903;575;750;1045;962;279;816;826;810;872;336;696;648;294;905;848;766;29;1107;747;660;967;358;519;294;830;210;145;540;552;215;178;835;384;500;981;390;479;577;811;902;205;944;764;404;700;764;641;208;400;293;612;835;512;691;561;863;157;450;765;469;538;398;941;245;963;724;788;585;1147;546;804;753;984;697;887;927;985;791;965;553;534;222;629;1086;200;720;162;829
28;710;989;41;666;497;854;892;109;599;882;462;181;529;503;1071;75;949;411;628;301;709;430;516;896;854;696;590;1015;0;283;17;871;229;567;161;612;359;673;438;761;96;659;285;613;159;674;590;1007;587;718;711;649;587;641;946;141;584;79;404;504;886;551;503;279;593;974;854;802;605;577;380;72;485;578;210;801;245;385;808;886;257;889;239;535;664;494;243;390;266;736;729;635;348;755;610;281;716;625;785;536;517;308;559;104;603;587;315;749;408;995;602;651;891;824;305;63;118;495;368;628;821;777;516;780;745;1007;148;802;696;792;531;92;430;445;769;947;952;918;252;509;257;516;121;66;815;815;95;602;227;214;853;963;110;572;116;731;394;440;510;909;523;714;70;873;714;151;809;743;754;404;261;422;481;544;842;389;450;203;295;694;716;312;598;339;609;639;450;428;235;970;875;840;557;262;911;483;713;746;815;596;456;391;539;309;807;433;382;390;672;841;1089;652;816;377;207;544;982;206;199;561;623;750;514;438;733;280;323;525;1009;145;403;356;537;780;655;722;220;810;959;559;469;823;870;434;685;877;424;736;624;779;804;743;818;193;272;617;342;270;590;824;624;794;696;437;545;508;834;555;936;575;849;596;800;749;885;941;69;339;305;540;214;475;698;566;503;378;185;274;475;537;861;632;812;865;392;123;845;654;1018;596
