PARÂMETROS
100;5;15;25
COORDENADAS
0;991;898
1;139;897
2;287;753
3;694;849
4;694;88
5;702;774
6;438;25
7;680;508
8;652;978
9;75;856
10;312;893
11;205;226
12;243;718
13;303;158
14;184;677
15;734;573
16;903;507
17;546;323
18;832;683
19;558;276
20;843;298
21;165;119
22;999;39
23;847;544
24;646;222
25;287;585
26;273;708
27;39;71
28;571;851
29;907;548
30;839;544
31;488;622
32;695;365
33;850;378
34;488;816
35;314;117
36;520;955
37;586;560
38;752;852
39;923;755
40;923;79
41;303;789
42;159;855
43;6;802
44;312;417
45;887;532
46;448;662
47;742;539
48;4;851
49;470;525
50;390;565
51;764;582
52;302;812
53;206;901
54;749;243
55;342;325
56;581;267
57;247;70
58;886;916
59;955;5
60;654;599
61;254;781
62;111;978
63;289;390
64;935;896
65;832;257
66;422;418
67;356;389
68;425;402
69;203;524
70;70;170
71;295;24
72;333;635
73;579;770
74;927;263
75;236;520
76;692;578
77;682;338
78;895;852
79;695;615
80;529;622
81;707;603
82;722;346
83;911;861
84;215;715
85;76;170
86;229;500
87;712;955
88;220;509
89;719;926
90;231;560
91;225;61
92;784;717
93;832;722
94;349;709
95;440;875
96;613;207
97;481;657
98;507;873
99;686;387
DISTÂNCIAS
DE/PARA;0;1;2;3;4;5;6;7;8;9;10;11;12;13;14;15;16;17;18;19;20;21;22;23;24;25;26;27;28;29;30;31;32;33;34;35;36;37;38;39;40;41;42;43;44;45;46;47;48;49;50;51;52;53;54;55;56;57;58;59;60;61;62;63;64;65;66;67;68;69;70;71;72;73;74;75;76;77;78;79;80;81;82;83;84;85;86;87;88;89;90;91;92;93;94;95;96;97;98;99
0;0;852;718;301;862;314;1033;498;348;916;679;1034;769;1010;836;414;400;727;267;757;617;1135;859;382;758;770;742;1261;422;359;385;573;609;538;509;1033;474;527;243;158;821;696;833;989;832;380;592;436;988;640;687;389;694;785;698;865;752;1113;106;893;450;746;883;866;56;660;744;813;752;872;1173;1117;708;431;638;844;437;639;106;409;538;409;614;88;797;1169;859;284;863;273;831;1134;274;237;669;551;787;564;484;595
1;852;0;206;557;981;576;921;666;519;76;173;674;207;756;224;677;857;703;725;749;924;778;1214;791;844;345;231;832;434;843;783;444;769;880;358;799;385;559;614;796;1133;196;46;163;510;832;388;701;142;497;416;699;183;67;894;606;769;834;747;1208;595;163;85;528;796;943;556;552;571;378;730;886;326;457;1011;389;638;779;757;623;477;639;802;772;197;729;407;575;396;580;349;840;669;714;281;301;837;417;368;747
2;718;206;0;418;779;415;743;463;428;235;142;533;56;595;128;481;663;501;549;548;718;645;1008;597;640;168;47;725;300;653;590;239;563;676;210;636;308;355;475;636;926;39;163;285;336;639;184;502;299;292;214;506;60;168;688;431;568;684;620;1002;398;43;285;363;663;736;361;370;377;243;622;729;126;292;806;238;441;572;616;430;275;445;595;633;81;620;259;470;253;465;200;694;498;545;76;195;635;216;250;541
3;301;557;418;0;761;75;862;341;135;619;384;791;469;793;538;278;400;546;215;588;570;901;865;341;628;485;443;1017;123;368;337;306;484;496;208;824;203;308;58;247;803;395;535;689;576;371;309;313;690;393;416;276;393;490;608;631;592;898;203;883;253;445;597;612;245;607;509;570;521;588;922;916;419;139;630;563;271;511;201;234;280;246;503;217;497;918;581;107;583;80;545;917;159;187;372;255;647;286;188;462
4;862;981;779;761;0;686;263;420;890;986;891;508;774;397;779;486;468;277;610;232;257;529;308;480;142;642;749;655;772;506;478;572;277;329;756;381;884;484;766;705;229;802;935;991;504;484;624;453;1028;491;565;498;823;948;164;424;211;447;849;273;512;820;1063;505;843;218;427;452;413;656;629;404;655;691;291;629;490;250;789;527;558;515;259;802;789;623;621;867;633;838;661;469;635;648;710;826;143;607;806;299
5;314;576;415;75;686;0;794;266;210;632;407;739;462;733;527;203;334;477;158;518;496;846;792;271;554;456;434;966;151;305;267;262;409;422;218;763;256;243;92;221;729;399;549;696;528;304;277;238;702;340;375;201;401;512;533;575;521;838;232;809;181;448;625;563;263;533;452;517;463;558;874;853;394;123;558;530;196;436;208;159;230;171;428;226;490;869;546;181;550;152;517;857;99;140;358;280;573;250;218;387
6;1033;921;743;862;263;794;0;540;976;906;877;307;719;189;699;622;669;316;766;278;488;288;561;660;286;580;702;401;836;702;655;599;426;542;792;154;933;555;884;876;487;775;875;889;411;677;637;597;933;501;542;645;798;906;379;314;281;196;997;517;613;778;1007;394;1002;457;393;373;377;551;395;143;618;758;543;534;608;396;944;643;603;637;428;960;725;389;518;969;530;943;573;216;773;800;689;850;252;633;850;438
7;498;666;463;341;420;266;540;0;470;697;532;552;484;514;524;84;223;228;231;262;265;645;567;170;288;400;453;775;359;230;163;223;143;214;362;535;474;107;351;346;493;470;625;735;379;208;278;69;758;210;295;111;485;615;273;384;260;615;457;573;94;505;738;408;464;293;273;345;276;477;697;618;369;280;347;444;71;170;405;108;189;98;167;421;508;692;451;448;460;419;452;637;233;262;387;438;308;248;403;121
8;348;519;428;135;890;210;976;470;0;589;350;874;484;891;556;413;533;663;345;708;706;987;1001;475;756;536;465;1094;150;499;472;391;614;631;230;924;133;423;160;350;938;396;508;669;655;504;376;448;660;488;489;411;387;452;741;722;714;994;242;1019;379;444;541;691;294;743;605;659;619;638;995;1018;468;220;766;618;401;640;273;365;376;379;635;284;510;992;638;64;637;84;593;1011;292;312;405;235;771;363;179;591
9;916;76;235;619;986;632;906;697;589;0;239;643;217;734;209;717;898;711;776;754;949;742;1233;832;853;344;247;785;496;887;825;474;790;910;414;776;455;590;677;853;1150;237;84;87;498;874;420;738;71;515;428;741;231;138;911;594;776;804;813;1224;633;194;127;512;860;965;558;545;573;355;686;860;339;511;1038;372;676;797;820;665;510;680;823;836;198;686;387;644;376;647;334;809;722;768;310;365;842;452;432;770
10;679;173;142;384;891;407;877;532;350;239;0;675;188;735;251;529;705;616;560;664;797;787;1096;638;749;309;189;866;262;687;632;323;652;744;192;776;217;431;441;626;1017;104;157;319;476;678;268;556;310;400;337;548;81;106;783;568;681;825;574;1096;450;126;218;503;623;821;487;505;503;384;762;869;258;293;880;380;493;667;584;473;347;490;683;599;202;760;401;404;394;408;342;836;503;547;187;129;749;290;196;629
11;1034;674;533;791;508;739;307;552;874;643;675;0;493;119;451;632;752;354;775;356;642;114;815;716;441;368;486;227;724;772;709;486;509;662;654;154;794;506;831;891;732;571;630;609;218;747;499;621;656;399;386;662;593;675;544;169;378;161;969;781;583;557;757;184;990;627;289;222;281;298;146;221;428;660;722;295;600;489;931;625;511;627;530;949;489;140;275;887;283;868;335;166;759;799;504;690;408;511;714;507
12;769;207;56;469;774;462;719;484;484;217;188;493;0;563;71;511;692;497;590;542;732;604;1016;628;639;140;31;678;353;685;620;263;573;695;263;605;364;377;526;681;933;92;160;251;308;670;212;530;273;297;212;538;110;186;694;405;563;648;672;1007;427;63;291;331;714;747;349;347;364;198;574;695;122;340;821;198;470;580;665;463;301;478;606;683;28;572;218;525;210;519;158;657;541;589;106;251;630;245;306;553
13;1010;756;595;793;397;733;189;514;891;734;735;119;563;0;532;598;694;293;745;280;557;143;706;667;348;427;550;277;743;718;660;499;443;589;683;42;826;491;826;860;625;631;711;709;259;693;524;581;754;403;416;626;654;749;454;171;298;104;956;669;563;624;842;232;971;538;285;237;272;379;233;134;477;671;632;368;572;419;912;602;516;601;459;929;563;227;349;895;360;873;408;124;737;773;552;729;313;529;743;446
14;836;224;128;538;779;527;699;524;556;209;251;451;71;532;0;559;738;506;648;548;760;558;1035;676;648;138;94;623;424;734;668;308;598;730;334;574;436;418;594;743;950;163;179;217;289;717;264;574;250;323;234;587;179;225;712;385;570;610;741;1022;476;125;309;305;782;772;351;335;365;154;519;662;154;405;850;165;517;602;732;514;349;528;631;749;49;518;182;596;171;590;126;617;601;649;168;323;636;297;377;579
15;414;677;481;278;486;203;622;84;413;717;529;632;511;598;559;0;181;312;147;345;295;727;596;116;361;447;480;857;322;174;108;250;211;226;345;619;437;148;279;262;528;482;640;763;449;158;299;34;781;268;344;31;493;621;330;463;342;700;375;609;84;523;743;481;380;330;348;420;353;533;776;702;405;250;365;500;42;240;322;57;210;40;227;338;538;771;510;382;517;353;503;721;152;178;408;421;385;266;376;192
16;400;857;663;400;468;334;669;223;533;898;705;752;692;694;738;181;0;401;189;415;217;833;477;67;383;620;661;967;478;41;73;430;251;139;517;706;589;321;376;248;428;662;821;944;597;29;480;164;962;433;516;157;673;800;305;589;401;788;409;504;265;704;921;625;390;259;489;559;489;700;898;776;584;417;245;667;222;278;345;234;391;218;242;354;718;893;674;487;683;457;674;811;241;226;589;591;417;447;539;247
17;727;703;501;546;277;477;316;228;663;711;616;354;497;293;506;312;401;0;459;48;298;432;534;373;142;368;471;566;528;425;367;304;154;308;496;310;632;240;567;573;449;525;657;721;252;399;352;291;756;215;287;338;546;670;218;204;66;391;683;518;296;543;786;265;692;293;156;201;144;397;499;390;377;448;385;367;293;136;633;327;299;322;177;650;513;494;363;653;375;627;394;414;460;490;433;562;133;340;551;153
18;267;725;549;215;610;158;766;231;345;776;560;775;590;745;648;147;189;459;0;490;385;873;665;139;497;553;559;1001;310;154;139;349;346;305;368;767;413;275;186;116;610;539;694;834;584;160;384;169;844;394;457;121;545;662;447;606;485;847;239;689;196;586;779;617;236;426;488;559;494;648;918;850;501;267;430;617;175;376;180;152;309;148;354;194;617;913;630;297;636;267;613;869;58;39;483;436;523;351;376;330
19;757;749;548;588;232;518;278;262;708;754;664;356;542;280;548;345;415;48;490;0;285;423;500;394;103;411;517;558;575;442;388;353;163;309;544;291;680;285;607;602;414;572;703;762;283;416;401;320;798;264;334;368;593;717;193;221;24;373;719;480;336;589;832;292;725;274;196;231;183;433;499;364;423;494;369;404;330;138;667;365;347;359;178;683;557;493;398;696;410;669;433;396;495;523;480;610;88;388;599;169
20;617;924;718;570;257;496;488;265;706;949;797;642;732;557;760;295;217;298;385;285;0;701;302;246;211;625;702;835;616;258;246;480;162;80;627;559;732;367;561;463;233;729;882;977;544;238;537;261;1004;436;525;294;746;877;108;501;263;638;619;313;355;761;999;561;605;42;437;495;430;678;783;612;611;540;91;646;318;165;556;349;451;333;130;567;753;777;646;669;657;640;665;661;423;424;642;703;247;509;665;180
21;1135;778;645;901;529;846;288;645;987;742;787;114;604;143;558;727;833;432;873;423;701;0;837;803;491;481;598;134;837;857;796;597;584;732;768;149;908;609;939;989;759;684;736;701;332;831;612;713;749;507;499;757;706;783;597;271;441;95;1074;798;685;667;860;298;1093;681;394;330;384;406;107;161;542;771;775;407;698;561;1034;725;620;726;601;1052;598;102;386;999;393;978;445;83;860;899;618;804;456;623;827;585
22;859;1214;1008;865;308;792;561;567;1001;1233;1096;815;1016;706;1035;596;477;534;665;500;302;837;0;527;397;897;987;960;917;517;529;775;445;370;929;689;1033;664;849;720;85;1023;1171;1252;784;505;831;562;1284;718;804;591;1040;1171;322;716;476;752;884;55;657;1051;1292;792;859;274;690;732;679;932;938;704;893;843;235;901;620;435;819;651;748;635;413;826;1035;932;897;959;909;930;928;774;711;703;933;1005;420;806;968;468
23;382;791;597;341;480;271;660;170;475;832;638;716;628;667;676;116;67;373;139;394;246;803;527;0;379;561;596;936;412;60;8;367;234;166;450;682;525;261;322;224;471;596;755;879;549;41;416;105;897;377;457;91;607;733;316;550;384;764;374;549;200;638;854;578;362;287;443;514;445;644;862;758;521;350;292;611;158;263;311;167;327;151;234;323;654;856;619;432;627;402;616;787;184;178;524;524;410;383;473;224
24;758;844;640;628;142;554;286;288;756;853;749;441;639;348;648;361;383;142;497;103;211;491;397;379;0;510;612;625;633;417;375;430;151;256;614;348;743;343;638;600;311;662;798;863;386;392;482;331;898;350;428;378;682;809;105;320;79;426;734;377;377;682;926;394;733;189;297;334;285;536;578;402;518;552;283;506;358;121;677;396;416;385;145;691;654;572;501;735;513;707;535;450;513;533;570;684;36;465;665;169
25;770;345;168;485;642;456;580;400;536;344;309;368;140;427;138;447;620;368;553;411;625;481;897;561;510;0;123;570;389;621;553;204;463;599;306;468;437;300;536;658;812;204;298;355;169;602;178;457;388;192;104;477;227;326;574;265;433;516;684;884;367;198;430;195;718;636;214;207;229;103;468;561;67;345;716;82;405;465;664;409;244;420;496;682;148;465;102;563;101;550;61;527;514;561;138;327;499;206;362;445
26;742;231;47;443;749;434;702;453;465;247;189;486;31;550;94;480;661;471;559;517;702;598;987;596;612;123;0;678;330;653;589;231;543;664;240;592;349;346;500;651;904;86;186;283;293;638;180;498;304;268;184;506;107;204;665;389;537;638;647;979;396;75;314;318;688;718;326;329;341;196;575;684;94;312;791;191;438;551;638;432;270;446;576;656;58;572;212;503;205;496;153;648;511;559;76;236;605;214;286;523
27;1261;832;725;1017;655;966;401;775;1094;785;866;227;678;277;623;857;967;566;1001;558;835;134;960;936;625;570;678;0;944;990;929;710;718;867;869;278;1006;733;1057;1117;884;764;793;731;440;965;718;844;780;626;606;886;786;846;730;395;576;208;1196;918;810;741;909;405;1217;814;516;449;508;481;103;260;636;883;908;490;826;696;1158;852;737;853;736;1176;667;105;469;1111;473;1092;525;186;986;1025;709;898;589;734;928;720
28;422;434;300;123;772;151;836;359;150;496;262;724;353;743;424;322;478;528;310;575;616;837;917;412;633;389;330;944;0;452;407;243;501;549;90;777;115;291;181;364;848;275;412;567;505;449;225;355;567;341;338;331;271;368;633;573;584;845;321;929;265;324;477;540;366;648;457;509;472;492;845;871;321;81;687;470;298;524;324;266;232;282;527;340;381;841;490;175;490;165;447;862;251;291;263;133;645;213;67;478
29;359;843;653;368;506;305;702;230;499;887;687;772;685;718;734;174;41;425;154;442;258;857;517;60;417;621;653;990;452;0;68;425;280;179;497;733;561;321;341;207;469;650;808;936;609;25;472;165;952;437;517;146;660;784;343;607;430;814;368;545;258;693;904;637;349;300;502;573;503;704;918;805;580;396;285;671;217;307;304;222;385;207;273;313;711;912;679;451;688;422;676;838;209;189;580;570;450;439;515;273
30;385;783;590;337;478;267;655;163;472;825;632;709;620;660;668;108;73;367;139;388;246;796;529;8;375;553;589;929;407;68;0;359;229;166;444;676;520;253;320;227;472;589;747;872;542;49;408;97;889;369;449;84;600;726;314;543;378;758;374;551;193;631;847;571;364;287;435;507;437;636;855;752;514;344;294;603;150;259;313;160;319;144;229;325;647;849;611;430;619;400;608;781;181;178;517;518;405;375;467;219
31;573;444;239;306;572;262;599;223;391;474;323;486;263;499;308;250;430;304;349;353;480;597;775;367;430;204;231;710;243;425;359;0;329;436;194;534;334;115;350;454;695;249;403;514;270;409;56;267;535;98;113;278;265;396;460;330;366;602;494;773;167;282;518;305;524;501;214;267;228;301;615;628;155;173;567;271;208;343;467;207;41;219;361;485;288;611;286;401;290;381;264;619;310;358;163;257;433;35;251;307
32;609;769;563;484;277;409;426;143;614;790;652;509;573;443;598;211;251;154;346;163;162;584;445;234;151;463;543;718;501;280;229;329;0;155;496;454;615;223;490;451;365;577;726;815;386;254;386;180;844;276;364;227;595;725;133;355;150;536;583;444;237;606;846;406;582;174;278;339;272;517;654;525;451;421;253;484;213;29;526;250;305;238;33;540;594;648;485;590;496;561;503;559;363;382;487;570;178;362;541;23
33;538;880;676;496;329;422;542;214;631;910;744;662;695;589;730;226;139;308;305;309;80;732;370;166;256;599;664;867;549;179;166;436;155;0;568;596;664;320;484;384;307;684;839;944;539;158;492;193;969;407;496;221;699;829;168;510;291;677;539;387;295;719;951;561;524;122;429;494;425;663;807;658;577;476;138;630;254;172;476;283;403;266;131;486;718;801;632;593;643;563;645;700;345;344;600;644;292;462;602;164
34;509;358;210;208;756;218;792;362;230;414;192;654;263;683;334;345;517;496;368;544;627;768;929;450;614;306;240;869;90;497;444;194;496;568;0;720;142;274;266;439;855;186;331;482;436;489;159;375;485;291;269;361;186;294;629;512;556;783;410;935;273;236;410;470;454;656;403;446;418;408;769;815;238;101;706;388;313;515;408;288;198;305;525;425;291;766;408;263;407;255;362;799;312;356;175;76;621;159;60;472
35;1033;799;636;824;381;763;154;535;924;776;776;154;605;42;574;619;706;310;767;291;559;149;689;682;348;468;592;278;777;733;676;534;454;596;720;0;862;519;855;882;610;672;754;751;300;707;561;601;796;436;454;647;695;791;452;209;306;81;982;650;589;666;884;274;996;536;319;275;305;421;249;94;518;704;630;410;596;429;936;627;548;625;467;953;606;243;392;927;403;904;450;105;762;796;593;768;312;565;780;459
36;474;385;308;203;884;256;933;474;133;455;217;794;364;826;436;437;589;632;413;680;732;908;1033;525;743;437;349;1006;115;561;520;334;615;664;142;862;0;400;253;449;964;273;374;536;576;560;301;471;526;432;411;445;260;318;747;654;690;926;368;1044;380;317;409;610;419;764;545;589;561;535;904;957;370;194;802;519;414;637;388;382;333;398;641;402;388;901;540;192;537;201;489;941;355;389;299;113;753;300;83;591
37;527;559;355;308;484;243;555;107;423;590;431;506;377;491;418;148;321;240;275;285;367;609;664;261;343;300;346;733;291;321;253;115;223;320;274;519;400;0;335;389;587;364;518;628;309;302;171;157;650;121;196;179;379;510;356;338;293;595;465;666;78;398;632;342;484;390;216;286;225;384;646;609;263;210;452;352;107;241;425;122;84;128;253;442;402;642;362;414;369;389;355;615;252;294;279;347;354;142;322;199
38;243;614;475;58;766;92;884;351;160;677;441;831;526;826;594;279;376;567;186;607;561;939;849;322;638;536;500;1057;181;341;320;350;490;484;266;855;253;335;0;196;791;453;593;747;618;347;358;313;748;431;461;270;451;548;609;667;609;930;148;870;271;503;653;654;188;600;545;609;556;639;964;945;471;191;614;613;280;518;143;243;320;253;506;159;554;960;630;110;632;81;597;950;138;152;427;312;659;333;245;469
39;158;796;636;247;705;221;876;346;350;853;626;891;681;860;743;262;248;573;116;602;463;989;720;224;600;658;651;1117;364;207;227;454;451;384;439;882;449;389;196;0;676;620;770;918;698;225;484;281;924;508;565;234;623;731;540;722;595;962;165;750;310;669;842;731;141;506;603;674;610;756;1034;963;602;344;492;726;291;481;100;267;415;264;455;106;709;1029;739;290;744;266;718;984;144;96;575;497;629;452;432;437
40;821;1133;926;803;229;729;487;493;938;1150;1017;732;933;625;950;528;428;449;610;414;233;759;85;471;311;812;904;884;848;469;472;695;365;307;855;610;964;587;791;676;0;942;1088;1167;698;454;752;494;1200;635;721;527;960;1090;239;630;390;676;837;80;585;969;1211;706;817;199;604;646;593;846;857;630;810;771;184;816;549;353;773;582;670;566;334;782;951;851;811;901;824;871;842;698;652;649;852;931;335;727;896;388
41;696;196;39;395;802;399;775;470;396;237;104;571;92;631;163;482;662;525;539;572;729;684;1023;596;662;204;86;764;275;650;589;249;577;684;186;672;273;364;453;620;942;0;158;297;372;638;192;505;305;312;240;505;23;148;705;465;591;721;596;1019;399;49;269;399;640;750;389;403;405;283;661;765;156;276;816;277;442;589;595;428;281;444;609;612;114;659;298;441;292;437;240;732;486;533;92;161;659;221;220;555
42;833;46;163;535;935;549;875;625;508;84;157;630;160;711;179;640;821;657;694;703;882;736;1171;755;798;298;186;793;412;808;747;403;726;839;331;754;374;518;593;770;1088;158;0;161;463;796;347;663;155;453;370;663;149;65;850;560;723;789;729;1164;557;120;132;482;777;900;510;505;525;333;690;842;280;428;969;343;600;735;736;587;437;603;758;752;150;690;361;561;351;564;303;796;640;686;239;281;791;378;348;704
43;989;163;285;689;991;696;889;735;669;87;319;609;251;709;217;763;944;721;834;762;977;701;1252;879;863;355;283;731;567;936;872;514;815;944;482;751;536;628;747;918;1167;297;161;0;491;921;463;781;49;540;451;789;296;223;929;583;785;770;887;1239;679;248;204;499;933;989;566;541;579;340;635;829;367;573;1067;363;721;819;890;713;553;728;848;906;226;635;375;722;362;723;330;772;782;829;355;440;849;496;506;796
44;832;510;336;576;504;528;411;379;655;498;476;218;308;259;289;449;597;252;584;283;544;332;784;549;386;169;293;440;505;609;542;270;386;539;436;300;576;309;618;698;698;372;463;491;0;586;280;446;532;191;167;481;395;495;470;96;307;353;760;763;387;368;595;35;785;544;110;52;113;152;345;393;219;442;633;128;412;378;727;431;298;436;416;745;313;341;117;670;130;651;164;366;559;602;294;475;367;293;495;375
45;380;832;639;371;484;304;677;208;504;874;678;747;670;693;717;158;29;399;160;416;238;831;505;41;392;602;638;965;449;25;49;409;254;158;489;707;560;302;347;225;454;638;796;921;586;0;457;145;938;417;498;132;648;774;320;582;404;789;384;531;242;680;895;614;367;280;478;549;479;684;893;780;563;389;271;651;200;282;320;209;369;193;248;329;696;888;658;457;667;428;656;812;211;197;566;563;425;424;510;247
46;592;388;184;309;624;277;637;278;376;420;268;499;212;524;264;299;480;352;384;401;537;612;831;416;482;178;180;718;225;472;408;56;386;492;159;561;301;171;358;484;752;192;347;463;280;457;0;318;482;138;113;325;209;340;515;353;416;625;506;829;215;227;461;315;540;558;245;288;261;281;620;656;118;169;623;255;258;399;485;251;90;265;418;503;238;616;272;394;274;378;239;641;340;388;109;213;483;33;219;363
47;436;701;502;313;453;238;597;69;448;738;556;621;530;581;574;34;164;291;169;320;261;713;562;105;331;457;498;844;355;165;97;267;180;193;375;601;471;157;313;281;494;505;663;781;446;145;318;0;801;272;352;48;517;646;296;453;316;681;403;574;106;544;768;476;405;296;342;414;345;539;766;681;420;282;332;506;63;209;348;89;228;72;194;363;555;761;514;417;522;387;511;704;182;203;428;451;356;286;408;161
48;988;142;299;690;1028;702;933;758;660;71;310;656;273;754;250;781;962;756;844;798;1004;749;1284;897;898;388;304;780;567;952;889;535;844;969;485;796;526;650;748;924;1200;305;155;49;532;938;482;801;0;568;480;806;300;208;961;625;820;817;884;1272;697;259;166;541;932;1019;601;580;615;382;684;876;393;580;1094;404;740;850;891;730;572;745;877;907;251;684;416;715;404;718;369;820;791;837;373;436;886;514;503;824
49;640;497;292;393;491;340;501;210;488;515;400;399;297;403;323;268;433;215;394;264;436;507;718;377;350;192;268;626;341;437;369;98;276;407;291;436;432;121;431;508;635;312;453;540;191;417;138;272;568;0;89;299;332;459;396;237;280;506;570;711;198;334;578;225;594;450;117;177;130;267;534;530;175;268;526;234;228;282;536;242;113;249;309;554;318;530;242;493;250;472;241;524;368;412;220;351;348;132;349;256
50;687;416;214;416;565;375;542;295;489;428;337;386;212;416;234;344;516;287;457;334;525;499;804;457;428;104;184;606;338;517;449;113;364;496;269;454;411;196;461;565;721;240;370;451;167;498;113;352;480;89;0;374;262;383;482;244;353;515;607;795;266;255;498;202;637;538;150;179;166;191;508;549;90;278;616;160;302;369;580;309;150;319;397;599;230;504;173;505;178;488;159;530;422;469;149;314;421;129;329;345
51;389;699;506;276;498;201;645;111;411;741;548;662;538;626;587;31;157;338;121;368;294;757;591;91;378;477;506;886;331;146;84;278;227;221;361;647;445;179;270;234;527;505;663;789;481;132;325;48;806;299;374;0;516;642;339;494;364;727;355;607;111;547;763;512;357;332;379;451;383;563;807;728;434;263;358;531;72;257;300;76;238;60;239;315;564;801;541;376;548;346;533;749;136;155;433;436;404;292;388;210
52;694;183;60;393;823;401;798;485;387;231;81;593;110;654;179;493;673;546;545;593;746;706;1040;607;682;227;107;786;271;660;600;265;595;699;186;695;260;379;451;623;960;23;149;296;395;648;209;517;300;332;262;516;0;130;723;488;612;744;593;1038;411;57;253;422;638;767;411;426;428;304;682;788;179;280;831;299;454;607;594;439;296;455;627;610;130;680;320;434;313;432;261;754;491;537;113;151;680;236;213;572
53;785;67;168;490;948;512;906;615;452;138;106;675;186;749;225;621;800;670;662;717;877;783;1171;733;809;326;204;846;368;784;726;396;725;829;294;791;318;510;548;731;1090;148;65;223;495;774;340;646;208;459;383;642;130;0;853;591;736;832;680;1167;540;129;122;517;729;898;529;533;544;377;743;881;294;395;962;382;583;737;690;566;426;582;757;706;186;742;401;508;392;513;341;840;606;651;239;235;804;367;302;703
54;698;894;688;608;164;533;379;273;741;911;783;544;694;454;712;330;305;218;447;193;108;597;322;316;105;574;665;730;633;343;314;460;133;168;629;452;747;356;609;540;239;705;850;929;470;320;515;296;961;396;482;339;723;853;0;415;169;530;686;314;368;731;973;482;678;84;370;419;360;614;682;504;571;553;179;583;339;116;626;375;438;362;106;638;712;676;580;712;592;683;607;554;475;486;614;703;140;493;674;157
55;865;606;431;631;424;575;314;384;722;594;568;169;405;171;385;463;589;204;606;221;501;271;716;550;320;265;389;395;573;607;543;330;355;510;512;209;654;338;667;722;630;465;560;583;96;582;353;453;625;237;244;494;488;591;415;0;245;272;803;691;415;464;692;83;823;494;122;65;113;242;313;304;310;504;588;221;431;340;763;456;350;458;380;781;410;307;208;730;220;709;259;288;590;630;384;558;295;359;572;349
56;752;769;568;592;211;521;281;260;714;776;681;378;563;298;570;342;401;66;485;24;263;441;476;384;79;433;537;576;584;430;378;366;150;291;556;306;690;293;609;595;390;591;723;785;307;404;416;316;820;280;353;364;612;736;169;245;0;387;717;456;339;609;852;316;721;251;219;255;206;457;520;375;443;503;346;427;330;123;663;366;358;358;161;679;578;514;422;700;434;673;456;411;493;519;499;624;68;402;610;159
57;1113;834;684;898;447;838;196;615;994;804;825;161;648;104;610;700;788;391;847;373;638;95;752;764;426;516;638;208;845;814;758;602;536;677;783;81;926;595;930;962;676;721;789;770;353;789;625;681;817;506;515;727;744;832;530;272;387;0;1060;710;667;711;918;322;1074;614;389;337;376;456;203;66;571;774;706;450;675;510;1015;705;619;704;549;1032;645;198;430;999;439;977;490;23;840;875;647;827;390;631;844;541
58;106;747;620;203;849;232;997;457;242;813;574;969;672;956;741;375;409;683;239;719;619;1074;884;374;734;684;647;1196;321;368;374;494;583;539;410;982;368;465;148;165;837;596;729;887;760;384;506;403;884;570;607;355;593;680;686;803;717;1060;0;913;392;646;777;795;52;661;680;747;690;787;1105;1070;620;339;654;761;389;612;64;356;462;360;593;60;700;1101;777;178;780;167;745;1080;223;201;575;447;759;480;381;565
59;893;1208;1002;883;273;809;517;573;1019;1224;1096;781;1007;669;1022;609;504;518;689;480;313;798;55;549;377;884;979;918;929;545;551;773;444;387;935;650;1044;666;870;750;80;1019;1164;1239;763;531;829;574;1272;711;795;607;1038;1167;314;691;456;710;913;0;665;1045;1288;769;891;280;674;711;662;913;900;660;885;852;259;884;630;430;849;663;749;647;413;857;1025;894;878;980;891;950;912;732;732;727;928;1011;397;806;976;467
60;450;595;398;253;512;181;613;94;379;633;450;583;427;563;476;84;265;296;196;336;355;685;657;200;377;367;396;810;265;258;193;167;237;295;273;589;380;78;271;310;585;399;557;679;387;242;215;106;697;198;266;111;411;540;368;415;339;667;392;665;0;439;662;420;408;385;294;364;302;457;724;677;323;186;432;425;43;262;349;44;127;53;261;367;454;719;436;360;443;333;424;688;175;216;324;349;394;182;310;214
61;746;163;43;445;820;448;778;505;444;194;126;557;63;624;125;523;704;543;586;589;761;667;1051;638;682;198;75;741;324;693;631;282;606;719;236;666;317;398;503;669;969;49;120;248;368;680;227;544;259;334;255;547;57;129;731;464;609;711;646;1045;439;0;243;392;690;780;399;405;415;262;638;758;166;325;849;261;482;615;644;471;317;486;638;661;76;636;282;489;274;487;222;720;533;581;119;208;677;258;269;584
62;883;85;285;597;1063;625;1007;738;541;127;218;757;291;842;309;743;921;786;779;832;999;860;1292;854;926;430;314;909;477;904;847;518;846;951;410;884;409;632;653;842;1211;269;132;204;595;895;461;768;166;578;498;763;253;122;973;692;852;918;777;1288;662;243;0;614;828;1019;640;637;656;463;809;971;408;512;1084;474;705;857;794;687;549;704;879;808;282;808;492;601;481;610;434;924;721;765;359;344;920;489;409;824
63;866;528;363;612;505;563;394;408;691;512;503;184;331;232;305;481;625;265;617;292;561;298;792;578;394;195;318;405;540;637;571;305;406;561;470;274;610;342;654;731;706;399;482;499;35;614;315;476;541;225;202;512;422;517;482;83;316;322;795;769;420;392;614;0;820;559;135;67;136;159;310;366;248;478;650;140;444;396;762;464;333;469;435;780;333;306;125;705;137;687;179;335;593;636;324;507;372;328;529;397
64;56;796;663;245;843;263;1002;464;294;860;623;990;714;971;782;380;390;692;236;725;605;1093;859;362;733;718;688;1217;366;349;364;524;582;524;454;996;419;484;188;141;817;640;777;933;785;367;540;405;932;594;637;357;638;729;678;823;721;1074;52;891;408;690;828;820;0;647;701;769;710;821;1129;1081;656;377;633;793;400;612;59;369;489;371;589;42;742;1124;809;230;813;218;780;1096;234;202;615;495;760;513;428;566
65;660;943;736;607;218;533;457;293;743;965;821;627;747;538;772;330;259;293;426;274;42;681;274;287;189;636;718;814;648;300;287;501;174;122;656;536;764;390;600;506;199;750;900;989;544;280;558;296;1019;450;538;332;767;898;84;494;251;614;661;280;385;780;1019;559;647;0;440;493;432;683;766;585;626;571;95;651;350;170;598;383;474;367;141;609;768;760;650;708;661;678;673;637;462;465;661;731;224;532;696;195
66;744;556;361;509;427;452;393;273;605;558;487;289;349;285;351;348;489;156;488;196;437;394;690;443;297;214;326;516;457;502;435;214;278;429;403;319;545;216;545;603;604;389;510;566;110;478;245;342;601;117;150;379;411;529;370;122;219;389;680;674;294;399;640;135;701;440;0;72;16;243;430;413;234;385;528;212;313;272;641;336;230;339;308;659;362;425;209;610;221;588;238;407;469;510;300;457;284;246;462;265
67;813;552;370;570;452;517;373;345;659;545;505;222;347;237;335;420;559;201;559;231;495;330;732;514;334;207;329;449;509;573;507;267;339;494;446;275;589;286;609;674;646;403;505;541;52;549;288;414;580;177;179;451;426;533;419;65;255;337;747;711;364;405;637;67;769;493;72;0;70;204;360;370;247;441;584;177;385;329;710;407;290;411;368;728;355;355;168;668;181;648;211;353;539;580;320;493;314;295;507;330
68;752;571;377;521;413;463;377;276;619;573;503;281;364;272;365;353;489;144;494;183;430;384;679;445;285;229;341;508;472;503;437;228;272;425;418;305;561;225;556;610;593;405;525;579;113;479;261;345;615;130;166;383;428;544;360;113;206;376;690;662;302;415;656;136;710;432;16;70;0;253;424;399;250;398;520;222;319;264;650;343;243;346;302;668;376;419;219;623;231;600;250;395;477;517;316;473;270;261;478;261
69;872;378;243;588;656;558;551;477;638;355;384;298;198;379;154;533;700;397;648;433;678;406;932;644;536;103;196;481;492;704;636;301;517;663;408;421;535;384;639;756;846;283;333;340;152;684;281;539;382;267;191;563;304;377;614;242;457;456;787;913;457;262;463;159;821;683;243;204;253;0;378;508;170;449;769;33;491;513;765;500;340;510;548;784;191;376;35;666;22;654;45;463;612;659;235;423;518;308;462;502
70;1173;730;622;922;629;874;395;697;995;686;762;146;574;233;519;776;898;499;918;499;783;107;938;862;578;468;575;103;845;918;855;615;654;807;769;249;904;646;964;1034;857;661;690;635;345;893;620;766;684;534;508;807;682;743;682;313;520;203;1105;900;724;638;809;310;1129;766;430;360;424;378;0;268;534;786;862;387;743;634;1070;767;644;770;675;1088;563;6;366;1014;370;996;421;189;899;940;606;796;544;637;827;653
71;1117;886;729;916;404;853;143;618;1018;860;869;221;695;134;662;702;776;390;850;364;612;161;704;758;402;561;684;260;871;805;752;628;525;658;815;94;957;609;945;963;630;765;842;829;393;780;656;681;876;530;549;728;788;881;504;304;375;66;1070;660;677;758;971;366;1081;585;413;370;399;508;268;0;612;798;675;499;681;498;1022;713;642;710;534;1039;695;263;480;1020;490;996;539;79;848;880;687;863;366;659;875;533
72;708;326;126;419;655;394;618;369;468;339;258;428;122;477;154;405;584;377;501;423;611;542;893;521;518;67;94;636;321;580;514;155;451;577;238;518;370;263;471;602;810;156;280;367;219;563;118;420;393;175;90;434;179;294;571;310;443;571;620;885;323;166;408;248;656;626;234;247;250;170;534;612;0;280;700;150;363;458;602;362;196;375;484;620;142;531;170;496;169;483;126;584;458;506;75;262;511;149;294;431
73;431;457;292;139;691;123;758;280;220;511;293;660;340;671;405;250;417;448;267;494;540;771;843;350;552;345;312;883;81;396;344;173;421;476;101;704;194;210;191;344;771;276;428;573;442;389;169;282;580;268;278;263;280;395;553;504;503;774;339;852;186;325;512;478;377;571;385;441;398;449;786;798;280;0;614;424;222;444;326;193;156;210;447;344;368;782;442;227;443;209;406;792;211;257;237;174;564;149;125;397
74;638;1011;806;630;291;558;543;347;766;1038;880;722;821;632;850;365;245;385;430;369;91;775;235;292;283;716;791;908;687;285;294;567;253;138;706;630;802;452;614;492;184;816;969;1067;633;271;623;332;1094;526;616;358;831;962;179;588;346;706;654;259;432;849;1084;650;633;95;528;584;520;769;862;675;700;614;0;737;393;256;589;421;535;404;221;598;843;856;737;724;748;694;756;730;475;468;730;782;318;595;740;271
75;844;389;238;563;629;530;534;444;618;372;380;295;198;368;165;500;667;367;617;404;646;407;901;611;506;82;191;490;470;671;603;271;484;630;388;410;519;352;613;726;816;277;343;363;128;651;255;506;404;234;160;531;299;382;583;221;427;450;761;884;425;261;474;140;793;651;212;177;222;33;387;499;150;424;737;0;459;481;737;468;310;478;516;756;196;384;21;644;19;630;40;459;582;629;220;409;489;280;445;469
76;437;638;441;271;490;196;608;71;401;676;493;600;470;572;517;42;222;293;175;330;318;698;620;158;358;405;438;826;298;217;150;208;213;254;313;596;414;107;280;291;549;442;600;721;412;200;258;63;740;228;302;72;454;583;339;431;330;675;389;630;43;482;705;444;400;350;313;385;319;491;743;681;363;222;393;459;0;240;341;37;168;29;233;357;496;738;469;377;477;349;461;696;166;200;367;389;379;225;348;191
77;639;779;572;511;250;436;396;170;640;797;667;489;580;419;602;240;278;136;376;138;165;561;435;263;121;465;551;696;524;307;259;343;29;172;515;429;637;241;518;481;353;589;735;819;378;282;399;209;850;282;369;257;607;737;116;340;123;510;612;430;262;615;857;396;612;170;272;329;264;513;634;498;458;444;256;481;240;0;556;277;322;266;40;570;600;628;481;617;492;589;502;534;392;412;498;589;148;377;562;49
78;106;757;616;201;789;208;944;405;273;820;584;931;665;912;732;322;345;633;180;667;556;1034;819;311;677;664;638;1158;324;304;313;467;526;476;408;936;388;425;143;100;773;595;736;890;727;320;485;348;891;536;580;300;594;690;626;763;663;1015;64;849;349;644;794;762;59;598;641;710;650;765;1070;1022;602;326;589;737;341;556;0;310;432;312;534;18;693;1065;753;209;757;190;725;1036;174;144;564;455;703;457;388;509
79;409;623;430;234;527;159;643;108;365;665;473;625;463;602;514;57;234;327;152;365;349;725;651;167;396;409;432;852;266;222;160;207;250;283;288;627;382;122;243;267;582;428;587;713;431;209;251;89;730;242;309;76;439;566;375;456;366;705;356;663;44;471;687;464;369;383;336;407;343;500;767;713;362;193;421;468;37;277;310;0;166;16;270;327;490;762;479;340;486;311;467;726;135;173;358;364;416;218;319;228
80;538;477;275;280;558;230;603;189;376;510;347;511;301;516;349;210;391;299;309;347;451;620;748;327;416;244;270;737;232;385;319;41;305;403;198;548;333;84;320;415;670;281;437;553;298;369;90;228;572;113;150;238;296;426;438;350;358;619;462;749;127;317;549;333;489;474;230;290;243;340;644;642;196;156;535;310;168;322;432;166;0;179;336;450;327;639;323;379;329;358;304;638;272;319;199;268;423;59;251;282
81;409;639;445;246;515;171;637;98;379;680;490;627;478;601;528;40;218;322;148;359;333;726;635;151;385;420;446;853;282;207;144;219;238;266;305;625;398;128;253;264;566;444;603;728;436;193;265;72;745;249;319;60;455;582;362;458;358;704;360;647;53;486;704;469;371;367;339;411;346;510;770;710;375;210;404;478;29;266;312;16;179;0;257;328;504;765;488;352;495;323;477;725;137;172;373;381;407;232;336;217
82;614;802;595;503;259;428;428;167;635;823;683;530;606;459;631;227;242;177;354;178;130;601;413;234;145;496;576;736;527;273;229;361;33;131;525;467;641;253;506;455;334;609;758;848;416;248;418;194;877;309;397;239;627;757;106;380;161;549;593;413;261;638;879;435;589;141;308;368;302;548;675;534;484;447;221;516;233;40;534;270;336;257;0;548;627;669;516;609;527;580;535;572;376;391;520;599;176;393;569;54
83;88;772;633;217;802;226;960;421;284;836;599;949;683;929;749;338;354;650;194;683;567;1052;826;323;691;682;656;1176;340;313;325;485;540;486;425;953;402;442;159;106;782;612;752;906;745;329;503;363;907;554;599;315;610;706;638;781;679;1032;60;857;367;661;808;780;42;609;659;728;668;784;1088;1039;620;344;598;756;357;570;18;327;450;328;548;0;711;1083;771;220;775;202;743;1053;192;159;582;471;718;475;404;524
84;797;197;81;497;789;490;725;508;510;198;202;489;28;563;49;538;718;513;617;557;753;598;1035;654;654;148;58;667;381;711;647;288;594;718;291;606;388;402;554;709;951;114;150;226;313;696;238;555;251;318;230;564;130;186;712;410;578;645;700;1025;454;76;282;333;742;768;362;355;376;191;563;695;142;368;843;196;496;600;693;490;327;504;627;711;0;562;215;551;206;546;155;654;569;617;134;276;645;272;332;573
85;1169;729;620;918;623;869;389;692;992;686;760;140;572;227;518;771;893;494;913;493;777;102;932;856;572;465;572;105;841;912;849;611;648;801;766;243;901;642;960;1029;851;659;690;635;341;888;616;761;684;530;504;801;680;742;676;307;514;198;1101;894;719;636;808;306;1124;760;425;355;419;376;6;263;531;782;856;384;738;628;1065;762;639;765;669;1083;562;0;363;1010;368;992;419;184;894;936;604;793;538;633;824;647
86;859;407;259;581;621;546;518;451;638;387;401;275;218;349;182;510;674;363;630;398;646;386;897;619;501;102;212;469;490;679;611;286;485;632;408;392;540;362;630;739;811;298;361;375;117;658;272;514;416;242;173;541;320;401;580;208;422;430;777;878;436;282;492;125;809;650;209;168;219;35;366;480;170;442;737;21;469;481;753;479;323;488;516;771;215;363;0;663;12;649;60;439;595;642;241;430;483;296;465;470
87;284;575;470;107;867;181;969;448;64;644;404;887;525;895;596;382;487;653;297;696;669;999;959;432;735;563;503;1111;175;451;430;401;590;593;263;927;192;414;110;290;901;441;561;722;670;457;394;417;715;493;505;376;434;508;712;730;700;999;178;980;360;489;601;705;230;708;610;668;623;666;1014;1020;496;227;724;644;377;617;209;340;379;352;609;220;551;1010;663;0;664;29;622;1018;248;262;438;283;754;377;220;568
88;863;396;253;583;633;550;530;460;637;376;394;283;210;360;171;517;683;375;636;410;657;393;909;627;513;101;205;473;490;688;619;290;496;643;407;403;537;369;632;744;824;292;351;362;130;667;274;522;404;250;178;548;313;392;592;220;434;439;780;891;443;274;481;137;813;661;221;181;231;22;370;490;169;443;748;19;477;492;757;486;329;495;527;775;206;368;12;664;0;650;52;448;601;648;237;427;495;300;463;481
89;273;580;465;80;838;152;943;419;84;647;408;868;519;873;590;353;457;627;267;669;640;978;930;402;707;550;496;1092;165;422;400;381;561;563;255;904;201;389;81;266;871;437;564;723;651;428;378;387;718;472;488;346;432;513;683;709;673;977;167;950;333;487;610;687;218;678;588;648;600;654;996;996;483;209;694;630;349;589;190;311;358;323;580;202;546;992;649;29;650;0;610;996;218;233;428;283;726;359;218;540
90;831;349;200;545;661;517;573;452;593;334;342;335;158;408;126;503;674;394;613;433;665;445;928;616;535;61;153;525;447;676;608;264;503;645;362;450;489;355;597;718;842;240;303;330;164;656;239;511;369;241;159;533;261;341;607;259;456;490;745;912;424;222;434;179;780;673;238;211;250;45;421;539;126;406;756;40;461;502;725;467;304;477;535;743;155;419;60;622;52;610;0;499;574;622;190;378;520;268;417;486
91;1134;840;694;917;469;857;216;637;1011;809;836;166;657;124;617;721;811;414;869;396;661;83;774;787;450;527;648;186;862;838;781;619;559;700;799;105;941;615;950;984;698;732;796;772;366;812;641;704;820;524;530;749;754;840;554;288;411;23;1080;732;688;720;924;335;1096;637;407;353;395;463;189;79;584;792;730;459;696;534;1036;726;638;725;572;1053;654;184;439;1018;448;996;499;0;861;897;659;841;414;648;859;564
92;274;669;498;159;635;99;773;233;292;722;503;759;541;737;601;152;241;460;58;495;423;860;711;184;513;514;511;986;251;209;181;310;363;345;312;762;355;252;138;144;652;486;640;782;559;211;340;182;791;368;422;136;491;606;475;590;493;840;223;732;175;533;721;593;234;462;469;539;477;612;899;848;458;211;475;582;166;392;174;135;272;137;376;192;569;894;595;248;601;218;574;861;0;48;435;378;537;308;317;344
93;237;714;545;187;648;140;800;262;312;768;547;799;589;773;649;178;226;490;39;523;424;899;703;178;533;561;559;1025;291;189;178;358;382;344;356;796;389;294;152;96;649;533;686;829;602;197;388;203;837;412;469;155;537;651;486;630;519;875;201;727;216;581;765;636;202;465;510;580;517;659;940;880;506;257;468;629;200;412;144;173;319;172;391;159;617;936;642;262;648;233;622;897;48;0;483;420;559;356;358;365
94;669;281;76;372;710;358;689;387;405;310;187;504;106;552;168;408;589;433;483;480;642;618;933;524;570;138;76;709;263;580;517;163;487;600;175;593;299;279;427;575;852;92;239;355;294;566;109;428;373;220;149;433;113;239;614;384;499;647;575;928;324;119;359;324;615;661;300;320;316;235;606;687;75;237;730;220;367;498;564;358;199;373;520;582;134;604;241;438;237;428;190;659;435;483;0;189;567;141;227;466
95;551;301;195;255;826;280;850;438;235;365;129;690;251;729;323;421;591;562;436;610;703;804;1005;524;684;327;236;898;133;570;518;257;570;644;76;768;113;347;312;497;931;161;281;440;475;563;213;451;436;351;314;436;151;235;703;558;624;827;447;1011;349;208;344;507;495;731;457;493;473;423;796;863;262;174;782;409;389;589;455;364;268;381;599;471;276;793;430;283;427;283;378;841;378;420;189;0;690;221;67;546
